2 48 6.8601
1 73 10.0352
16 43 6.2366
17 43 6.2366
24 9 2.0796
60 35 5.2460
72 72 9.9062
88 66 9.1358
92 8 1.9592
93 15 2.8037
103 162 22.5034
105 44 6.3610
112 34 5.1227
136 51 7.2359
143 48 6.8601
149 87 11.8615
154 98 13.3248
204 151 20.8273
207 16 2.9247
222 109 14.8161
226 41 5.9881
229 116 15.7810
232 84 11.4669
236 154 21.2796
261 91 12.3905
270 134 18.3264
275 126 17.1831
287 53 7.4872
311 124 16.9004
317 68 9.3919
324 45 6.4856
334 28 4.3859
373 149 20.5276
384 62 8.6257
385 25 4.0191
388 47 6.7351
399 51 7.2359
406 45 6.4856
408 46 6.6103
410 87 11.8615
439 45 6.4856
458 76 10.4234
510 30 4.6310
538 55 7.7391
555 108 14.6792
562 175 24.5512
563 66 9.1358
575 84 11.4669
580 83 11.3358
606 71 9.7774
627 92 12.5233
645 90 12.2579
650 89 12.1256
679 313 54.1811
697 77 10.5532
706 62 8.6257
709 135 18.4708
718 121 16.4785
742 66 9.1358
760 108 14.6792
781 83 11.3358
793 88 11.9934
797 65 9.0080
806 92 12.5233
807 20 3.4100
849 21 3.5316
851 34 5.1227
853 34 5.1227
864 58 8.1181
867 37 5.4928
889 211 30.6811
892 138 18.9058
894 29 4.5084
904 32 4.8766
19 86 11.7297
91 23 3.7751
122 4 1.4789
147 182 25.6869
194 68 9.3919
243 44 6.3610
284 79 10.8133
290 27 4.2635
308 62 8.6257
328 154 21.2796
379 38 5.6165
416 99 13.4591
419 94 12.7896
453 5 1.5988
529 123 16.7595
574 85 11.5982
599 29 4.5084
602 61 8.4985
614 29 4.5084
705 15 2.8037
758 63 8.7529
804 26 4.1412
830 160 22.1950
866 115 15.6424
870 84 11.4669
898 45 6.4856
957 73 10.0352
958 109 14.8161
3 1 1.1196
5 37 5.4928
4 11 2.3205
21 10 2.2000
210 59 8.2448
271 10 2.2000
309 138 18.9058
592 112 15.2280
801 9 2.0796
822 22 3.6533
842 43 6.2366
846 31 4.7537
931 8 1.9592
10 80 10.9436
34 32 4.8766
47 40 5.8641
78 16 2.9247
83 16 2.9247
175 11 2.3205
242 16 2.9247
273 30 4.6310
297 10 2.2000
338 18 3.1672
367 29 4.5084
428 22 3.6533
434 40 5.8641
467 33 4.9996
521 56 7.8653
525 70 9.6487
527 25 4.0191
535 16 2.9247
549 11 2.3205
569 13 2.5619
576 61 8.4985
633 109 14.8161
655 43 6.2366
710 136 18.6154
763 17 3.0459
775 75 10.2938
855 24 3.8970
877 55 7.7391
879 81 11.0741
884 50 7.1105
896 26 4.1412
914 11 2.3205
64 99 13.4591
6 17 3.0459
73 43 6.2366
99 57 7.9916
265 102 13.8637
348 65 9.0080
413 141 19.3439
415 11 2.3205
424 43 6.2366
561 76 10.4234
747 132 18.0387
795 102 13.8637
813 53 7.4872
944 24 3.8970
11 39 5.7402
7 38 5.6165
61 77 10.5532
97 6 1.7189
119 22 3.6533
171 25 4.0191
174 24 3.8970
221 11 2.3205
365 22 3.6533
451 49 6.9852
472 38 5.6165
490 26 4.1412
532 37 5.4928
545 22 3.6533
572 58 8.1181
584 17 3.0459
608 25 4.0191
722 79 10.8133
751 42 6.1123
771 15 2.8037
780 26 4.1412
808 155 21.4311
828 15 2.8037
829 21 3.5316
875 31 4.7537
890 8 1.9592
8 16 2.9247
116 33 4.9996
132 92 12.5233
153 19 3.2885
262 15 2.8037
339 59 8.2448
601 44 6.3610
682 53 7.4872
728 31 4.7537
796 50 7.1105
833 59 8.2448
852 60 8.3716
9 51 7.2359
56 39 5.7402
77 58 8.1181
86 8 1.9592
134 85 11.5982
150 72 9.9062
151 28 4.3859
160 111 15.0904
161 82 11.2048
259 75 10.2938
260 134 18.3264
293 158 21.8882
302 93 12.6563
427 7 1.8390
431 3 1.3590
440 18 3.1672
488 68 9.3919
494 60 8.3716
495 98 13.3248
557 24 3.8970
578 46 6.6103
581 24 3.8970
582 36 5.3693
597 22 3.6533
704 72 9.9062
707 4 1.4789
716 89 12.1256
723 58 8.1181
738 59 8.2448
783 5 1.5988
785 34 5.1227
790 14 2.6827
791 35 5.2460
826 17 3.0459
860 96 13.0567
868 26 4.1412
880 35 5.2460
895 98 13.3248
906 58 8.1181
959 76 10.4234
30 75 10.2938
54 27 4.2635
81 22 3.6533
85 40 5.8641
98 61 8.4985
114 35 5.2460
162 67 9.2638
172 52 7.3615
184 95 12.9230
198 75 10.2938
206 124 16.9004
214 110 14.9531
228 25 4.0191
244 39 5.7402
246 116 15.7810
312 90 12.2579
366 54 7.6131
371 39 5.7402
381 47 6.7351
393 31 4.7537
405 96 13.0567
430 52 7.3615
455 40 5.8641
471 42 6.1123
474 67 9.2638
489 80 10.9436
570 15 2.8037
579 84 11.4669
607 35 5.2460
659 40 5.8641
669 116 15.7810
691 62 8.6257
699 33 4.9996
748 126 17.1831
773 34 5.1227
812 53 7.4872
837 101 13.7286
874 47 6.7351
878 11 2.3205
912 52 7.3615
945 20 3.4100
948 35 5.2460
949 21 3.5316
954 55 7.7391
38 16 2.9247
44 51 7.2359
110 31 4.7537
258 21 3.5316
337 70 9.6487
370 20 3.4100
372 10 2.2000
459 9 2.0796
478 10 2.2000
499 17 3.0459
626 24 3.8970
712 69 9.5202
725 22 3.6533
726 28 4.3859
727 8 1.9592
743 26 4.1412
923 13 2.5619
925 3 1.3590
934 35 5.2460
952 20 3.4100
125 13 2.5619
12 6 1.7189
178 13 2.5619
185 7 1.8390
225 28 4.3859
300 1 1.1196
18 40 5.8641
13 15 2.8037
249 80 10.9436
425 2 1.2392
443 60 8.3716
447 1 1.1196
657 6 1.7189
689 60 8.3716
700 14 2.6827
746 106 14.4064
810 1 1.1196
845 40 5.8641
897 6 1.7189
101 88 11.9934
14 4 1.4789
910 8 1.9592
926 67 9.2638
46 37 5.4928
15 13 2.5619
217 20 3.4100
315 154 21.2796
744 60 8.3716
962 40 5.8641
326 54 7.6131
644 89 12.1256
847 51 7.2359
873 213 31.0449
25 51 7.2359
145 89 12.1256
146 96 13.0567
230 155 21.4311
251 55 7.7391
291 100 13.5937
396 68 9.3919
403 82 11.2048
404 9 2.0796
456 120 16.3384
501 95 12.9230
652 26 4.1412
731 32 4.8766
761 34 5.1227
805 124 16.9004
825 24 3.8970
924 55 7.7391
940 86 11.7297
45 45 6.4856
55 26 4.1412
113 47 6.7351
142 27 4.2635
155 157 21.7354
186 28 4.3859
196 41 5.9881
256 90 12.2579
276 36 5.3693
282 24 3.8970
299 91 12.3905
307 36 5.3693
343 62 8.6257
422 25 4.0191
436 86 11.7297
450 20 3.4100
493 59 8.2448
497 14 2.6827
530 39 5.7402
620 37 5.4928
632 48 6.8601
668 30 4.6310
696 6 1.7189
703 50 7.1105
708 19 3.2885
721 14 2.6827
792 98 13.3248
798 7 1.8390
48 82 11.2048
94 14 2.6827
96 23 3.7751
163 97 13.1906
179 33 4.9996
189 19 3.2885
190 29 4.5084
255 94 12.7896
268 81 11.0741
283 27 4.2635
288 58 8.1181
331 27 4.2635
400 75 10.2938
452 39 5.7402
480 68 9.3919
526 126 17.1831
540 27 4.2635
558 107 14.5427
617 127 17.3250
649 91 12.3905
685 79 10.8133
690 70 9.6487
692 17 3.0459
739 46 6.6103
754 96 13.0567
770 69 9.5202
821 37 5.4928
841 48 6.8601
856 118 16.0592
882 21 3.5316
919 31 4.7537
938 94 12.7896
943 8 1.9592
20 11 2.3205
158 20 3.4100
487 18 3.1672
547 10 2.2000
622 8 1.9592
900 33 4.9996
58 4 1.4789
208 40 5.8641
52 115 15.6424
22 29 4.5084
363 15 2.8037
429 57 7.9916
448 30 4.6310
491 14 2.6827
498 29 4.5084
688 65 9.0080
733 65 9.0080
824 49 6.9852
832 28 4.3859
869 32 4.8766
90 49 6.9852
23 12 2.4412
129 19 3.2885
250 81 11.0741
376 19 3.2885
536 22 3.6533
616 42 6.1123
861 26 4.1412
209 21 3.5316
216 65 9.0080
248 69 9.5202
332 41 5.9881
353 71 9.7774
464 43 6.2366
646 183 25.8512
888 89 12.1256
905 42 6.1123
70 17 3.0459
26 25 4.0191
71 47 6.7351
74 20 3.4100
201 75 10.2938
321 131 17.8953
369 56 7.8653
377 48 6.8601
517 32 4.8766
586 54 7.6131
893 10 2.2000
27 4 1.4789
759 7 1.8390
28 18 3.1672
205 23 3.7751
636 23 3.7751
838 52 7.3615
908 106 14.4064
49 33 4.9996
29 7 1.8390
640 70 9.6487
667 54 7.6131
35 34 5.1227
121 43 6.2366
183 44 6.3610
203 87 11.8615
238 82 11.2048
245 18 3.1672
279 28 4.3859
319 29 4.5084
329 89 12.1256
354 37 5.4928
398 48 6.8601
417 24 3.8970
423 46 6.6103
426 48 6.8601
444 35 5.2460
483 20 3.4100
518 47 6.7351
524 25 4.0191
542 77 10.5532
629 12 2.4412
635 29 4.5084
714 27 4.2635
762 29 4.5084
854 46 6.6103
876 38 5.6165
886 67 9.2638
955 33 4.9996
960 47 6.7351
31 21 3.5316
157 48 6.8601
182 38 5.6165
237 31 4.7537
386 20 3.4100
470 43 6.2366
585 53 7.4872
671 95 12.9230
753 40 5.8641
927 58 8.1181
950 70 9.6487
32 20 3.4100
40 44 6.3610
57 72 9.9062
199 44 6.3610
323 27 4.2635
929 29 4.5084
33 1 1.1196
100 11 2.3205
252 49 6.9852
621 3 1.3590
662 16 2.9247
789 18 3.1672
433 14 2.6827
610 58 8.1181
933 64 8.8804
76 22 3.6533
36 19 3.2885
141 36 5.3693
239 27 4.2635
295 55 7.7391
468 64 8.8804
516 47 6.7351
301 51 7.2359
37 2 1.2392
102 21 3.5316
138 41 5.9881
39 47 6.7351
274 28 4.3859
446 20 3.4100
466 48 6.8601
615 48 6.8601
647 34 5.1227
651 69 9.5202
774 64 8.8804
802 23 3.7751
811 56 7.8653
59 74 10.1644
87 26 4.1412
220 50 7.1105
414 8 1.9592
508 43 6.2366
631 35 5.2460
799 23 3.7751
857 21 3.5316
915 36 5.3693
41 10 2.2000
180 11 2.3205
195 6 1.7189
215 3 1.3590
672 8 1.9592
683 19 3.2885
921 7 1.8390
42 4 1.4789
637 72 9.9062
784 3 1.3590
43 1 1.1196
66 15 2.8037
120 13 2.5619
235 18 3.1672
253 9 2.0796
292 13 2.5619
394 17 3.0459
421 7 1.8390
457 24 3.8970
463 17 3.0459
750 18 3.1672
755 28 4.3859
946 15 2.8037
50 25 4.0191
126 41 5.9881
231 51 7.2359
340 36 5.3693
461 71 9.7774
587 20 3.4100
729 76 10.4234
863 46 6.6103
937 65 9.0080
79 29 4.5084
188 51 7.2359
374 37 5.4928
618 72 9.9062
623 8 1.9592
656 100 13.5937
902 3 1.3590
139 39 5.7402
166 47 6.7351
176 34 5.1227
227 21 3.5316
411 38 5.6165
476 74 10.1644
522 40 5.8641
639 20 3.4100
75 62 8.6257
89 23 3.7751
128 94 12.7896
131 31 4.7537
137 24 3.8970
164 42 6.1123
177 33 4.9996
382 55 7.7391
395 13 2.5619
420 54 7.6131
432 34 5.1227
438 34 5.1227
469 13 2.5619
475 36 5.3693
481 26 4.1412
531 67 9.2638
534 46 6.6103
571 30 4.6310
590 13 2.5619
595 52 7.3615
600 19 3.2885
604 50 7.1105
624 52 7.3615
715 34 5.1227
719 36 5.3693
769 38 5.6165
836 30 4.6310
913 73 10.0352
918 59 8.2448
956 12 2.4412
118 64 8.8804
556 44 6.3610
677 1 1.1196
713 33 4.9996
734 33 4.9996
95 31 4.7537
191 40 5.8641
285 35 5.2460
358 9 2.0796
360 17 3.0459
666 14 2.6827
777 34 5.1227
51 6 1.7189
553 10 2.2000
917 15 2.8037
53 27 4.2635
127 55 7.7391
234 26 4.1412
241 19 3.2885
264 87 11.8615
325 57 7.9916
351 47 6.7351
361 16 2.9247
383 21 3.5316
407 71 9.7774
504 29 4.5084
539 49 6.9852
543 27 4.2635
665 1 1.1196
681 63 8.7529
794 53 7.4872
916 34 5.1227
304 17 3.0459
502 70 9.6487
505 81 11.0741
757 42 6.1123
286 25 4.0191
278 21 3.5316
922 26 4.1412
168 30 4.6310
313 86 11.7297
496 84 11.4669
528 25 4.0191
550 80 10.9436
701 53 7.4872
711 29 4.5084
909 62 8.6257
930 45 6.4856
941 67 9.2638
953 59 8.2448
111 15 2.8037
144 27 4.2635
435 19 3.2885
441 56 7.8653
594 26 4.1412
872 13 2.5619
192 53 7.4872
362 55 7.7391
484 21 3.5316
593 21 3.5316
670 42 6.1123
788 23 3.7751
211 12 2.4412
390 38 5.6165
479 6 1.7189
62 1 1.1196
63 31 4.7537
364 48 6.8601
181 9 2.0796
336 40 5.8641
482 19 3.2885
765 42 6.1123
831 10 2.2000
936 51 7.2359
65 20 3.4100
935 41 5.9881
412 15 2.8037
735 18 3.1672
883 19 3.2885
67 46 6.6103
108 12 2.4412
117 7 1.8390
613 23 3.7751
674 26 4.1412
871 20 3.4100
903 25 4.0191
68 26 4.1412
173 17 3.0459
266 26 4.1412
296 51 7.2359
462 8 1.9592
537 25 4.0191
349 4 1.4789
69 4 1.4789
460 52 7.3615
603 41 5.9881
612 31 4.7537
767 14 2.6827
82 34 5.1227
660 13 2.5619
737 34 5.1227
741 14 2.6827
815 24 3.8970
233 24 3.8970
648 29 4.5084
740 43 6.2366
749 12 2.4412
858 21 3.5316
104 32 4.8766
634 12 2.4412
109 29 4.5084
130 20 3.4100
628 10 2.2000
809 27 4.2635
848 29 4.5084
187 7 1.8390
80 8 1.9592
197 11 2.3205
500 13 2.5619
566 18 3.1672
84 10 2.2000
442 8 1.9592
786 40 5.8641
503 9 2.0796
756 25 4.0191
523 18 3.1672
565 5 1.5988
642 26 4.1412
676 35 5.2460
156 32 4.8766
515 18 3.1672
552 46 6.6103
664 21 3.5316
583 15 2.8037
159 6 1.7189
803 2 1.2392
473 15 2.8037
752 44 6.3610
277 15 2.8037
352 16 2.9247
402 14 2.6827
663 7 1.8390
745 10 2.2000
901 17 3.0459
947 17 3.0459
609 15 2.8037
920 29 4.5084
106 17 3.0459
418 34 5.1227
686 44 6.3610
687 46 6.6103
693 21 3.5316
720 44 6.3610
115 32 4.8766
345 28 4.3859
598 5 1.5988
355 10 2.2000
512 24 3.8970
823 23 3.7751
843 23 3.7751
928 59 8.2448
335 17 3.0459
409 15 2.8037
169 20 3.4100
223 23 3.7751
322 23 3.7751
389 14 2.6827
589 45 6.4856
611 23 3.7751
694 17 3.0459
730 8 1.9592
951 31 4.7537
193 7 1.8390
240 12 2.4412
330 12 2.4412
454 19 3.2885
800 9 2.0796
907 5 1.5988
630 13 2.5619
107 15 2.8037
678 20 3.4100
486 10 2.2000
541 23 3.7751
732 6 1.7189
736 6 1.7189
148 23 3.7751
152 15 2.8037
267 9 2.0796
269 15 2.8037
310 18 3.1672
320 32 4.8766
899 2 1.2392
200 14 2.6827
224 1 1.1196
568 14 2.6827
596 21 3.5316
695 3 1.3590
254 10 2.2000
350 8 1.9592
840 1 1.1196
818 24 3.8970
212 16 2.9247
257 40 5.8641
387 11 2.3205
782 4 1.4789
911 9 2.0796
641 5 1.5988
123 2 1.2392
124 8 1.9592
314 6 1.7189
492 6 1.7189
768 6 1.7189
942 9 2.0796
375 8 1.9592
865 26 4.1412
391 26 4.1412
449 9 2.0796
544 12 2.4412
554 33 4.9996
165 18 3.1672
519 26 4.1412
327 45 6.4856
887 18 3.1672
133 1 1.1196
140 14 2.6827
675 8 1.9592
135 9 2.0796
333 12 2.4412
437 27 4.2635
673 19 3.2885
638 14 2.6827
357 27 4.2635
548 7 1.8390
698 21 3.5316
247 23 3.7751
303 3 1.3590
445 25 4.0191
559 12 2.4412
564 8 1.9592
932 10 2.2000
401 9 2.0796
378 6 1.7189
356 17 3.0459
359 27 4.2635
341 15 2.8037
680 10 2.2000
702 7 1.8390
485 4 1.4789
520 8 1.9592
167 10 2.2000
816 6 1.7189
885 9 2.0796
170 2 1.2392
625 11 2.3205
318 7 1.8390
465 15 2.8037
891 2 1.2392
368 10 2.2000
778 6 1.7189
509 2 1.2392
560 1 1.1196
202 14 2.6827
305 15 2.8037
263 9 2.0796
850 7 1.8390
859 5 1.5988
280 11 2.3205
213 1 1.1196
717 12 2.4412
316 3 1.3590
218 4 1.4789
219 10 2.2000
567 12 2.4412
835 2 1.2392
814 3 1.3590
298 2 1.2392
643 6 1.7189
819 12 2.4412
654 9 2.0796
289 1 1.1196
766 2 1.2392
342 4 1.4789
272 2 1.2392
281 4 1.4789
546 6 1.7189
591 14 2.6827
294 5 1.5988
577 7 1.8390
306 1 1.1196
779 6 1.7189
661 2 1.2392
776 1 1.1196
787 1 1.1196
392 6 1.7189
817 5 1.5988
346 1 1.1196
344 2 1.2392
347 1 1.1196
834 2 1.2392
619 3 1.3590
380 1 1.1196
397 1 1.1196
588 1 1.1196
827 3 1.3590
605 12 2.4412
881 1 1.1196
939 5 1.5988
772 11 2.3205
820 1 1.1196
477 7 1.8390
573 1 1.1196
961 3 1.3590
506 1 1.1196
533 1 1.1196
507 3 1.3590
511 2 1.2392
513 1 1.1196
514 2 1.2392
551 1 1.1196
844 1 1.1196
653 2 1.2392
684 1 1.1196
862 1 1.1196
658 2 1.2392
839 4 1.4789
724 1 1.1196
764 1 1.1196
