Algorithm name: CapSA
Input file: soc-wiki-Vote.mtx
Budget: 200
Number of Nodes: 889
k: 40
Iterations: 100
Search Agents: 50

Run 1:
Best Seed Set: [617, 8, 697, 452, 482, 13, 447, 562, 666, 237, 513, 709, 856, 356, 239, 59, 205, 547, 386, 588, 25, 763, 257, 839, 216, 130, 675, 110, 351, 299, 108, 372, 398, 389, 665, 413, 425, 771]
Best Seed Set Cost: 199.9541
Best Fitness Value (LIE): 329.6901
Spread: 638.557
Convergence Curve: [300.9486180641826, 300.9486180641826, 300.9486180641826, 304.53544083813665, 306.54086569912437, 308.98951254301176, 308.98951254301176, 312.78413295914663, 312.78413295914663, 313.4144692401645, 313.64937298294495, 315.4167589183377, 315.90084263039364, 315.90084263039364, 315.90084263039364, 317.8390308232708, 318.539142323567, 319.36591932932345, 321.0381977846578, 325.1506034261937, 325.1506034261937, 326.68435234809596, 326.68435234809596, 326.68435234809596, 326.68435234809596, 326.68435234809596, 327.5443532835269, 327.5443532835269, 327.5443532835269, 327.5443532835269, 327.5443532835269, 327.5443532835269, 327.5443532835269, 327.5443532835269, 327.5443532835269, 327.5443532835269, 327.5443532835269, 327.5443532835269, 327.5443532835269, 327.5443532835269, 327.5443532835269, 327.5443532835269, 327.5443532835269, 327.5443532835269, 327.5443532835269, 327.5443532835269, 327.5443532835269, 327.5443532835269, 327.5443532835269, 327.5443532835269, 327.5443532835269, 327.5443532835269, 327.5443532835269, 327.5443532835269, 327.5443532835269, 327.5443532835269, 327.5443532835269, 327.5443532835269, 327.5443532835269, 327.5443532835269, 327.5443532835269, 327.5443532835269, 327.5443532835269, 327.5443532835269, 327.5443532835269, 327.5443532835269, 327.5443532835269, 327.5443532835269, 327.5443532835269, 329.6901097577791, 329.6901097577791, 329.6901097577791, 329.6901097577791, 329.6901097577791, 329.6901097577791, 329.6901097577791, 329.6901097577791, 329.6901097577791, 329.6901097577791, 329.6901097577791, 329.6901097577791, 329.6901097577791, 329.6901097577791, 329.6901097577791, 329.6901097577791, 329.6901097577791, 329.6901097577791, 329.6901097577791, 329.6901097577791, 329.6901097577791, 329.6901097577791, 329.6901097577791, 329.6901097577791, 329.6901097577791, 329.6901097577791, 329.6901097577791, 329.6901097577791, 329.6901097577791, 329.6901097577791, 329.6901097577791]
Execution Time: 674.8945 seconds

Run 2:
Best Seed Set: [431, 170, 550, 230, 8, 22, 697, 380, 88, 123, 666, 237, 709, 356, 552, 239, 205, 285, 224, 449, 396, 803, 660, 646, 91, 675, 668]
Best Seed Set Cost: 199.7140
Best Fitness Value (LIE): 322.8810
Spread: 646.372
Convergence Curve: [303.1978768396599, 308.2790787333606, 312.02840321461633, 316.5312517643991, 316.5312517643991, 316.5312517643991, 316.5312517643991, 316.5312517643991, 316.5312517643991, 316.5312517643991, 316.5312517643991, 316.5312517643991, 316.5312517643991, 316.5312517643991, 316.5312517643991, 316.5312517643991, 316.5312517643991, 316.5312517643991, 316.5312517643991, 316.5312517643991, 316.5312517643991, 316.5312517643991, 316.5312517643991, 316.5312517643991, 316.5312517643991, 316.5312517643991, 316.5312517643991, 316.5312517643991, 316.5312517643991, 316.5312517643991, 316.5312517643991, 316.5312517643991, 316.5312517643991, 316.5312517643991, 316.5312517643991, 316.5312517643991, 316.5312517643991, 316.5312517643991, 316.5312517643991, 316.5312517643991, 316.5312517643991, 316.5312517643991, 316.5312517643991, 316.5312517643991, 316.5312517643991, 316.5312517643991, 316.5312517643991, 316.5312517643991, 316.5312517643991, 316.5312517643991, 316.5312517643991, 316.5312517643991, 316.5312517643991, 316.5312517643991, 316.5312517643991, 316.5312517643991, 316.5312517643991, 316.5312517643991, 316.5312517643991, 316.5312517643991, 316.5312517643991, 316.65329557946944, 316.65329557946944, 316.65329557946944, 316.65329557946944, 316.65329557946944, 316.65329557946944, 316.65329557946944, 316.65329557946944, 316.65329557946944, 317.0543477722913, 318.0254607253762, 318.0254607253762, 319.4929205735803, 319.4929205735803, 319.4929205735803, 319.4929205735803, 319.4929205735803, 319.4929205735803, 319.4929205735803, 319.4929205735803, 319.4929205735803, 319.4929205735803, 319.4929205735803, 319.4929205735803, 319.4929205735803, 320.5586478337272, 320.67294218527263, 320.67294218527263, 320.67294218527263, 320.67294218527263, 320.67294218527263, 320.67294218527263, 320.67294218527263, 320.67294218527263, 320.67294218527263, 320.67294218527263, 322.8810329025979, 322.8810329025979, 322.8810329025979]
Execution Time: 592.0291 seconds

Run 3:
Best Seed Set: [431, 170, 736, 8, 452, 482, 88, 13, 57, 237, 606, 856, 212, 259, 449, 113, 121, 660, 691, 769, 692, 25, 404, 408, 710, 148, 130, 361, 503, 67]
Best Seed Set Cost: 199.7386
Best Fitness Value (LIE): 327.8562
Spread: 645.001
Convergence Curve: [310.25127255278386, 315.96788976902957, 315.96788976902957, 318.3303942181385, 318.3303942181385, 318.6498488991006, 321.29556479913794, 324.4901937255833, 324.4901937255833, 324.4901937255833, 324.4901937255833, 324.8384711535532, 324.8384711535532, 324.8384711535532, 324.8384711535532, 324.8384711535532, 324.8384711535532, 324.8384711535532, 324.8384711535532, 324.8384711535532, 324.8384711535532, 324.8384711535532, 324.8384711535532, 324.8384711535532, 324.8384711535532, 324.8384711535532, 324.8384711535532, 324.8384711535532, 324.8384711535532, 324.8384711535532, 324.8384711535532, 324.8384711535532, 324.8384711535532, 324.8384711535532, 324.8384711535532, 324.8384711535532, 324.8384711535532, 324.8384711535532, 324.8384711535532, 324.8384711535532, 324.8384711535532, 324.8384711535532, 324.8384711535532, 324.8384711535532, 324.8384711535532, 324.8384711535532, 324.8384711535532, 325.87826330010574, 325.87826330010574, 325.87826330010574, 326.4322251202654, 326.4322251202654, 326.4322251202654, 326.4322251202654, 326.4322251202654, 326.4322251202654, 326.4322251202654, 326.4322251202654, 327.2177936701438, 327.85620353871013, 327.85620353871013, 327.85620353871013, 327.85620353871013, 327.85620353871013, 327.85620353871013, 327.85620353871013, 327.85620353871013, 327.85620353871013, 327.85620353871013, 327.85620353871013, 327.85620353871013, 327.85620353871013, 327.85620353871013, 327.85620353871013, 327.85620353871013, 327.85620353871013, 327.85620353871013, 327.85620353871013, 327.85620353871013, 327.85620353871013, 327.85620353871013, 327.85620353871013, 327.85620353871013, 327.85620353871013, 327.85620353871013, 327.85620353871013, 327.85620353871013, 327.85620353871013, 327.85620353871013, 327.85620353871013, 327.85620353871013, 327.85620353871013, 327.85620353871013, 327.85620353871013, 327.85620353871013, 327.85620353871013, 327.85620353871013, 327.85620353871013, 327.85620353871013, 327.85620353871013]
Execution Time: 609.0052 seconds

Run 4:
Best Seed Set: [550, 8, 697, 380, 750, 482, 13, 562, 123, 666, 237, 433, 856, 212, 707, 205, 807, 322, 396, 803, 557, 819, 50, 25, 9, 853, 257, 675, 765, 499, 351, 306, 299, 108, 665, 413]
Best Seed Set Cost: 199.8707
Best Fitness Value (LIE): 336.2668
Spread: 644.451
Convergence Curve: [314.15542622568387, 315.7904596155801, 316.08845709097517, 316.08845709097517, 316.08845709097517, 317.35790856275696, 317.35790856275696, 318.6068691893572, 319.6860525902031, 325.2589525658807, 326.51943218228837, 327.6543754141929, 330.27539814762116, 330.27539814762116, 330.27539814762116, 330.27539814762116, 330.27539814762116, 330.27539814762116, 330.27539814762116, 330.27539814762116, 330.38102735554827, 330.38102735554827, 330.38102735554827, 333.60943409885886, 334.0792314502433, 334.0792314502433, 334.0792314502433, 334.0792314502433, 334.0792314502433, 334.0792314502433, 334.0792314502433, 334.0792314502433, 334.0792314502433, 334.0792314502433, 334.0792314502433, 334.0792314502433, 334.0792314502433, 334.0792314502433, 334.0792314502433, 334.0792314502433, 334.0792314502433, 334.0792314502433, 334.0792314502433, 334.0792314502433, 334.0792314502433, 334.0792314502433, 334.0792314502433, 334.0792314502433, 334.0792314502433, 334.0792314502433, 334.0792314502433, 334.0792314502433, 334.0792314502433, 334.0792314502433, 334.0792314502433, 334.0792314502433, 334.0792314502433, 334.0792314502433, 334.0792314502433, 334.0792314502433, 334.0792314502433, 334.0792314502433, 334.0792314502433, 334.0792314502433, 334.0792314502433, 334.0792314502433, 334.0792314502433, 334.0792314502433, 334.0792314502433, 334.0792314502433, 334.0792314502433, 334.0792314502433, 334.0792314502433, 334.0792314502433, 334.0792314502433, 334.0792314502433, 334.0792314502433, 334.0792314502433, 334.0792314502433, 334.0792314502433, 334.0792314502433, 334.0792314502433, 335.9021148679469, 336.2668164381449, 336.2668164381449, 336.2668164381449, 336.2668164381449, 336.2668164381449, 336.2668164381449, 336.2668164381449, 336.2668164381449, 336.2668164381449, 336.2668164381449, 336.2668164381449, 336.2668164381449, 336.2668164381449, 336.2668164381449, 336.2668164381449, 336.2668164381449, 336.2668164381449]
Execution Time: 657.7498 seconds

Run 5:
Best Seed Set: [536, 8, 482, 88, 199, 562, 666, 98, 205, 47, 322, 396, 803, 121, 547, 691, 386, 659, 166, 223, 25, 687, 247, 257, 51, 193, 839, 364, 2, 765, 466, 560, 299, 829, 665, 515, 462, 804, 771, 5]
Best Seed Set Cost: 199.5137
Best Fitness Value (LIE): 326.0419
Spread: 633.337
Convergence Curve: [304.56432762480574, 307.6345221535412, 307.6345221535412, 307.6345221535412, 307.6345221535412, 307.6345221535412, 307.6345221535412, 308.81131413601713, 310.9436709492348, 311.81447589276246, 311.81447589276246, 311.81447589276246, 311.81447589276246, 311.81447589276246, 313.8840805599242, 313.8840805599242, 313.8840805599242, 313.8840805599242, 313.8840805599242, 315.9634669818212, 323.0986283747013, 326.0418791216258, 326.0418791216258, 326.0418791216258, 326.0418791216258, 326.0418791216258, 326.0418791216258, 326.0418791216258, 326.0418791216258, 326.0418791216258, 326.0418791216258, 326.0418791216258, 326.0418791216258, 326.0418791216258, 326.0418791216258, 326.0418791216258, 326.0418791216258, 326.0418791216258, 326.0418791216258, 326.0418791216258, 326.0418791216258, 326.0418791216258, 326.0418791216258, 326.0418791216258, 326.0418791216258, 326.0418791216258, 326.0418791216258, 326.0418791216258, 326.0418791216258, 326.0418791216258, 326.0418791216258, 326.0418791216258, 326.0418791216258, 326.0418791216258, 326.0418791216258, 326.0418791216258, 326.0418791216258, 326.0418791216258, 326.0418791216258, 326.0418791216258, 326.0418791216258, 326.0418791216258, 326.0418791216258, 326.0418791216258, 326.0418791216258, 326.0418791216258, 326.0418791216258, 326.0418791216258, 326.0418791216258, 326.0418791216258, 326.0418791216258, 326.0418791216258, 326.0418791216258, 326.0418791216258, 326.0418791216258, 326.0418791216258, 326.0418791216258, 326.0418791216258, 326.0418791216258, 326.0418791216258, 326.0418791216258, 326.0418791216258, 326.0418791216258, 326.0418791216258, 326.0418791216258, 326.0418791216258, 326.0418791216258, 326.0418791216258, 326.0418791216258, 326.0418791216258, 326.0418791216258, 326.0418791216258, 326.0418791216258, 326.0418791216258, 326.0418791216258, 326.0418791216258, 326.0418791216258, 326.0418791216258, 326.0418791216258, 326.0418791216258]
Execution Time: 675.3410 seconds

Run 6:
Best Seed Set: [170, 8, 380, 635, 452, 88, 415, 606, 538, 856, 552, 205, 807, 224, 259, 449, 113, 803, 121, 386, 769, 132, 50, 9, 853, 257, 839, 148, 546, 675, 281, 784, 506, 108, 665]
Best Seed Set Cost: 199.8016
Best Fitness Value (LIE): 324.4781
Spread: 641.392
Convergence Curve: [308.6657279598109, 314.26173100575323, 314.42112484734446, 314.42112484734446, 316.6202259305281, 316.6202259305281, 316.6202259305281, 316.6202259305281, 316.6202259305281, 316.6202259305281, 316.6202259305281, 317.7319847809815, 317.7319847809815, 317.7319847809815, 317.7319847809815, 317.7319847809815, 319.1120782915439, 319.1120782915439, 319.1120782915439, 319.1120782915439, 319.1120782915439, 320.9912809544729, 320.9912809544729, 320.9912809544729, 321.4474848486782, 324.3688739416757, 324.3688739416757, 324.3688739416757, 324.3688739416757, 324.3688739416757, 324.47806739498566, 324.47806739498566, 324.47806739498566, 324.47806739498566, 324.47806739498566, 324.47806739498566, 324.47806739498566, 324.47806739498566, 324.47806739498566, 324.47806739498566, 324.47806739498566, 324.47806739498566, 324.47806739498566, 324.47806739498566, 324.47806739498566, 324.47806739498566, 324.47806739498566, 324.47806739498566, 324.47806739498566, 324.47806739498566, 324.47806739498566, 324.47806739498566, 324.47806739498566, 324.47806739498566, 324.47806739498566, 324.47806739498566, 324.47806739498566, 324.47806739498566, 324.47806739498566, 324.47806739498566, 324.47806739498566, 324.47806739498566, 324.47806739498566, 324.47806739498566, 324.47806739498566, 324.47806739498566, 324.47806739498566, 324.47806739498566, 324.47806739498566, 324.47806739498566, 324.47806739498566, 324.47806739498566, 324.47806739498566, 324.47806739498566, 324.47806739498566, 324.47806739498566, 324.47806739498566, 324.47806739498566, 324.47806739498566, 324.47806739498566, 324.47806739498566, 324.47806739498566, 324.47806739498566, 324.47806739498566, 324.47806739498566, 324.47806739498566, 324.47806739498566, 324.47806739498566, 324.47806739498566, 324.47806739498566, 324.47806739498566, 324.47806739498566, 324.47806739498566, 324.47806739498566, 324.47806739498566, 324.47806739498566, 324.47806739498566, 324.47806739498566, 324.47806739498566, 324.47806739498566]
Execution Time: 641.0313 seconds

Run 7:
Best Seed Set: [170, 697, 21, 380, 88, 199, 13, 447, 123, 666, 538, 356, 504, 807, 47, 113, 626, 547, 386, 819, 50, 853, 109, 751, 104, 20, 14, 785, 675, 484, 765, 822, 560, 784, 299, 35, 389, 665, 481, 723]
Best Seed Set Cost: 199.3541
Best Fitness Value (LIE): 324.8896
Spread: 636.132
Convergence Curve: [306.20528932874504, 306.468914762947, 306.98388231439, 309.4549783889585, 309.99182974407444, 310.82383692224505, 310.82383692224505, 310.82383692224505, 313.0221155354492, 314.45253192775, 314.5413104820143, 314.5916981058099, 314.5916981058099, 316.1445828741066, 316.16483985428016, 316.27490681285155, 317.2661937054002, 317.2661937054002, 317.7021693807967, 317.7021693807967, 317.7021693807967, 318.39988624226464, 318.39988624226464, 318.39988624226464, 318.39988624226464, 318.39988624226464, 318.39988624226464, 318.39988624226464, 318.39988624226464, 318.39988624226464, 318.39988624226464, 318.39988624226464, 318.39988624226464, 319.1953281589517, 319.1953281589517, 319.1953281589517, 319.1953281589517, 319.1953281589517, 319.1953281589517, 319.1953281589517, 319.1953281589517, 319.1953281589517, 319.1953281589517, 319.1953281589517, 319.1953281589517, 319.1953281589517, 319.1953281589517, 319.3529149822836, 319.3529149822836, 319.3529149822836, 319.3529149822836, 319.35902287966866, 319.35902287966866, 320.0291394538807, 320.0291394538807, 321.1817311962134, 321.39083784248487, 321.39083784248487, 321.39083784248487, 321.39083784248487, 321.39083784248487, 321.39083784248487, 321.39083784248487, 321.39083784248487, 321.39083784248487, 323.5546809121687, 323.5546809121687, 323.5546809121687, 324.77575891006336, 324.77575891006336, 324.77575891006336, 324.77575891006336, 324.77575891006336, 324.77575891006336, 324.77575891006336, 324.77575891006336, 324.77575891006336, 324.77575891006336, 324.77575891006336, 324.77575891006336, 324.8896215325681, 324.8896215325681, 324.8896215325681, 324.8896215325681, 324.8896215325681, 324.8896215325681, 324.8896215325681, 324.8896215325681, 324.8896215325681, 324.8896215325681, 324.8896215325681, 324.8896215325681, 324.8896215325681, 324.8896215325681, 324.8896215325681, 324.8896215325681, 324.8896215325681, 324.8896215325681, 324.8896215325681, 324.8896215325681]
Execution Time: 658.2476 seconds

Run 8:
Best Seed Set: [536, 617, 8, 380, 750, 88, 13, 123, 415, 237, 538, 856, 545, 205, 807, 396, 803, 557, 769, 50, 781, 687, 257, 193, 710, 216, 130, 337, 675, 560, 306, 299, 108, 35, 389, 413, 368, 771]
Best Seed Set Cost: 199.6784
Best Fitness Value (LIE): 327.7041
Spread: 638.224
Convergence Curve: [303.83262994969465, 313.8670461962619, 317.18407181397, 320.3592830856695, 320.5496112214804, 321.04424204505295, 321.04424204505295, 321.04424204505295, 321.04424204505295, 321.04424204505295, 321.69130130093936, 321.7621051702738, 321.80915648349355, 321.80915648349355, 322.8290160476362, 325.25863262870286, 325.25863262870286, 325.25863262870286, 325.92949662254574, 325.92949662254574, 325.92949662254574, 325.92949662254574, 325.92949662254574, 325.92949662254574, 325.92949662254574, 325.92949662254574, 325.92949662254574, 325.92949662254574, 325.92949662254574, 325.92949662254574, 325.92949662254574, 325.92949662254574, 325.92949662254574, 325.92949662254574, 325.92949662254574, 325.92949662254574, 325.92949662254574, 325.92949662254574, 325.92949662254574, 325.92949662254574, 325.92949662254574, 325.92949662254574, 325.92949662254574, 325.92949662254574, 325.92949662254574, 325.92949662254574, 325.92949662254574, 327.28452587010855, 327.7040936108541, 327.7040936108541, 327.7040936108541, 327.7040936108541, 327.7040936108541, 327.7040936108541, 327.7040936108541, 327.7040936108541, 327.7040936108541, 327.7040936108541, 327.7040936108541, 327.7040936108541, 327.7040936108541, 327.7040936108541, 327.7040936108541, 327.7040936108541, 327.7040936108541, 327.7040936108541, 327.7040936108541, 327.7040936108541, 327.7040936108541, 327.7040936108541, 327.7040936108541, 327.7040936108541, 327.7040936108541, 327.7040936108541, 327.7040936108541, 327.7040936108541, 327.7040936108541, 327.7040936108541, 327.7040936108541, 327.7040936108541, 327.7040936108541, 327.7040936108541, 327.7040936108541, 327.7040936108541, 327.7040936108541, 327.7040936108541, 327.7040936108541, 327.7040936108541, 327.7040936108541, 327.7040936108541, 327.7040936108541, 327.7040936108541, 327.7040936108541, 327.7040936108541, 327.7040936108541, 327.7040936108541, 327.7040936108541, 327.7040936108541, 327.7040936108541, 327.7040936108541]
Execution Time: 618.4175 seconds

Run 9:
Best Seed Set: [170, 8, 380, 750, 482, 88, 13, 562, 666, 856, 212, 239, 59, 205, 322, 548, 738, 396, 803, 660, 260, 646, 692, 25, 410, 404, 839, 710, 91, 216, 337, 499, 560, 425]
Best Seed Set Cost: 199.7611
Best Fitness Value (LIE): 329.5245
Spread: 637.992
Convergence Curve: [310.64925426878693, 313.2994897776689, 319.7754834523982, 321.8293054328634, 321.8293054328634, 321.8293054328634, 323.3027507621382, 323.392071823907, 323.392071823907, 323.392071823907, 323.392071823907, 323.392071823907, 324.5845973644489, 324.5845973644489, 325.63240635583657, 325.63240635583657, 325.63240635583657, 325.63240635583657, 325.9943005510045, 325.9943005510045, 325.9943005510045, 325.9943005510045, 325.9943005510045, 326.3963565031662, 327.66799836938634, 327.66799836938634, 327.66799836938634, 327.66799836938634, 327.66799836938634, 327.66799836938634, 327.66799836938634, 327.66799836938634, 327.66799836938634, 327.66799836938634, 327.66799836938634, 327.8882407552783, 327.8882407552783, 327.8882407552783, 327.8882407552783, 327.8882407552783, 327.8882407552783, 327.8882407552783, 327.8882407552783, 327.8882407552783, 327.8882407552783, 327.8882407552783, 327.8882407552783, 327.8882407552783, 327.8882407552783, 327.8882407552783, 327.8882407552783, 327.8882407552783, 327.8882407552783, 327.8882407552783, 327.8882407552783, 327.8882407552783, 327.8882407552783, 327.8882407552783, 327.8882407552783, 327.8882407552783, 327.8882407552783, 327.8882407552783, 327.8882407552783, 328.49624024119606, 328.56866832260937, 328.56866832260937, 329.5245112361707, 329.5245112361707, 329.5245112361707, 329.5245112361707, 329.5245112361707, 329.5245112361707, 329.5245112361707, 329.5245112361707, 329.5245112361707, 329.5245112361707, 329.5245112361707, 329.5245112361707, 329.5245112361707, 329.5245112361707, 329.5245112361707, 329.5245112361707, 329.5245112361707, 329.5245112361707, 329.5245112361707, 329.5245112361707, 329.5245112361707, 329.5245112361707, 329.5245112361707, 329.5245112361707, 329.5245112361707, 329.5245112361707, 329.5245112361707, 329.5245112361707, 329.5245112361707, 329.5245112361707, 329.5245112361707, 329.5245112361707, 329.5245112361707, 329.5245112361707]
Execution Time: 520.8760 seconds

Run 10:
Best Seed Set: [170, 550, 8, 635, 13, 57, 415, 690, 285, 47, 548, 803, 660, 557, 547, 132, 50, 763, 257, 839, 20, 364, 337, 675, 564, 110, 765, 90, 499, 560, 784, 306, 668, 372, 398, 389, 829, 515, 5]
Best Seed Set Cost: 199.9449
Best Fitness Value (LIE): 324.9526
Spread: 637.732
Convergence Curve: [298.60147440131743, 305.1342600026702, 307.0831135475234, 308.31996705396784, 308.31996705396784, 308.31996705396784, 309.8539782507432, 310.3474844040403, 314.6770246145699, 314.6770246145699, 314.6770246145699, 314.6770246145699, 315.1169660718659, 316.2666480795766, 316.5307979865145, 318.66572129751495, 318.66572129751495, 318.66572129751495, 318.66572129751495, 318.66572129751495, 318.66572129751495, 318.66572129751495, 318.66572129751495, 318.66572129751495, 319.47013152991497, 321.88689164349233, 321.88689164349233, 321.88689164349233, 321.88689164349233, 321.88689164349233, 321.88689164349233, 321.88689164349233, 321.88689164349233, 321.88689164349233, 321.88689164349233, 321.88689164349233, 321.88689164349233, 321.88689164349233, 321.88689164349233, 322.306769327234, 322.306769327234, 322.306769327234, 322.306769327234, 322.306769327234, 322.306769327234, 322.306769327234, 322.306769327234, 323.7704346715954, 323.8519696516114, 324.3643955022745, 324.3643955022745, 324.3643955022745, 324.3643955022745, 324.3643955022745, 324.9526046862056, 324.9526046862056, 324.9526046862056, 324.9526046862056, 324.9526046862056, 324.9526046862056, 324.9526046862056, 324.9526046862056, 324.9526046862056, 324.9526046862056, 324.9526046862056, 324.9526046862056, 324.9526046862056, 324.9526046862056, 324.9526046862056, 324.9526046862056, 324.9526046862056, 324.9526046862056, 324.9526046862056, 324.9526046862056, 324.9526046862056, 324.9526046862056, 324.9526046862056, 324.9526046862056, 324.9526046862056, 324.9526046862056, 324.9526046862056, 324.9526046862056, 324.9526046862056, 324.9526046862056, 324.9526046862056, 324.9526046862056, 324.9526046862056, 324.9526046862056, 324.9526046862056, 324.9526046862056, 324.9526046862056, 324.9526046862056, 324.9526046862056, 324.9526046862056, 324.9526046862056, 324.9526046862056, 324.9526046862056, 324.9526046862056, 324.9526046862056, 324.9526046862056]
Execution Time: 458.1720 seconds

