Algorithm name: CapSA
Input file: soc-wiki-Vote.mtx
Budget: 200
Number of Nodes: 889
k: 50
Iterations: 100
Search Agents: 50

Run 1:
Best Seed Set: [170, 550, 230, 8, 762, 452, 88, 447, 562, 123, 237, 433, 538, 856, 98, 707, 239, 807, 121, 660, 547, 692, 404, 393, 839, 216, 675, 370, 351, 398, 376]
Best Seed Set Cost: 199.9940
Best Fitness Value (LIE): 326.4221
Spread: 644.794
Convergence Curve: [299.9674986977327, 307.7207013946108, 307.75774214489536, 313.67026604826145, 318.0920809184105, 318.0920809184105, 318.0920809184105, 318.9489975163537, 318.9489975163537, 318.9489975163537, 320.2397444376889, 321.6856389855539, 323.57381223439904, 323.57381223439904, 323.57381223439904, 323.57381223439904, 323.57381223439904, 323.57381223439904, 323.57381223439904, 323.8548364323195, 326.4221184349304, 326.4221184349304, 326.4221184349304, 326.4221184349304, 326.4221184349304, 326.4221184349304, 326.4221184349304, 326.4221184349304, 326.4221184349304, 326.4221184349304, 326.4221184349304, 326.4221184349304, 326.4221184349304, 326.4221184349304, 326.4221184349304, 326.4221184349304, 326.4221184349304, 326.4221184349304, 326.4221184349304, 326.4221184349304, 326.4221184349304, 326.4221184349304, 326.4221184349304, 326.4221184349304, 326.4221184349304, 326.4221184349304, 326.4221184349304, 326.4221184349304, 326.4221184349304, 326.4221184349304, 326.4221184349304, 326.4221184349304, 326.4221184349304, 326.4221184349304, 326.4221184349304, 326.4221184349304, 326.4221184349304, 326.4221184349304, 326.4221184349304, 326.4221184349304, 326.4221184349304, 326.4221184349304, 326.4221184349304, 326.4221184349304, 326.4221184349304, 326.4221184349304, 326.4221184349304, 326.4221184349304, 326.4221184349304, 326.4221184349304, 326.4221184349304, 326.4221184349304, 326.4221184349304, 326.4221184349304, 326.4221184349304, 326.4221184349304, 326.4221184349304, 326.4221184349304, 326.4221184349304, 326.4221184349304, 326.4221184349304, 326.4221184349304, 326.4221184349304, 326.4221184349304, 326.4221184349304, 326.4221184349304, 326.4221184349304, 326.4221184349304, 326.4221184349304, 326.4221184349304, 326.4221184349304, 326.4221184349304, 326.4221184349304, 326.4221184349304, 326.4221184349304, 326.4221184349304, 326.4221184349304, 326.4221184349304, 326.4221184349304, 326.4221184349304]
Execution Time: 612.1476 seconds

Run 2:
Best Seed Set: [550, 230, 482, 13, 415, 666, 856, 356, 545, 239, 59, 205, 807, 568, 396, 121, 557, 50, 781, 193, 839, 266, 104, 710, 364, 785, 216, 130, 560, 398, 389, 829, 368, 771, 539, 55, 421, 53, 637, 426]
Best Seed Set Cost: 199.9696
Best Fitness Value (LIE): 324.2612
Spread: 634.754
Convergence Curve: [303.11842348745245, 303.11842348745245, 304.3889165790202, 304.3889165790202, 305.65590659504517, 305.79255331975105, 306.82734850078674, 308.15839740764693, 311.69533459746276, 311.9547872655707, 311.9547872655707, 311.9547872655707, 311.9547872655707, 311.9547872655707, 315.4606605625756, 317.09695150720546, 318.41087301816543, 320.1814742807145, 320.1814742807145, 321.10536497638947, 321.10536497638947, 321.2111626921189, 321.2111626921189, 321.2111626921189, 321.2111626921189, 321.2111626921189, 321.4571673175996, 321.4571673175996, 321.4571673175996, 321.4571673175996, 321.4571673175996, 321.4571673175996, 321.4571673175996, 321.88114118956616, 321.88114118956616, 321.88114118956616, 321.88114118956616, 321.88114118956616, 321.88114118956616, 321.88114118956616, 321.88114118956616, 321.88114118956616, 321.88114118956616, 321.88114118956616, 321.88114118956616, 321.88114118956616, 322.2012794130229, 322.4058156647335, 322.4058156647335, 322.82297916150867, 322.82297916150867, 323.47201316127996, 324.2612446534656, 324.2612446534656, 324.2612446534656, 324.2612446534656, 324.2612446534656, 324.2612446534656, 324.2612446534656, 324.2612446534656, 324.2612446534656, 324.2612446534656, 324.2612446534656, 324.2612446534656, 324.2612446534656, 324.2612446534656, 324.2612446534656, 324.2612446534656, 324.2612446534656, 324.2612446534656, 324.2612446534656, 324.2612446534656, 324.2612446534656, 324.2612446534656, 324.2612446534656, 324.2612446534656, 324.2612446534656, 324.2612446534656, 324.2612446534656, 324.2612446534656, 324.2612446534656, 324.2612446534656, 324.2612446534656, 324.2612446534656, 324.2612446534656, 324.2612446534656, 324.2612446534656, 324.2612446534656, 324.2612446534656, 324.2612446534656, 324.2612446534656, 324.2612446534656, 324.2612446534656, 324.2612446534656, 324.2612446534656, 324.2612446534656, 324.2612446534656, 324.2612446534656, 324.2612446534656, 324.2612446534656]
Execution Time: 682.9309 seconds

Run 3:
Best Seed Set: [550, 230, 8, 697, 199, 562, 415, 666, 856, 98, 59, 807, 738, 121, 547, 386, 769, 659, 50, 25, 687, 257, 51, 193, 364, 216, 130, 351, 560, 406, 306, 372, 665, 481, 820, 652, 539, 143, 191]
Best Seed Set Cost: 199.3966
Best Fitness Value (LIE): 327.5981
Spread: 636.076
Convergence Curve: [307.38532813672646, 309.94685176748004, 315.46723267646615, 318.09063874261756, 319.58643079312253, 321.0123087384838, 321.0123087384838, 321.0123087384838, 321.4153887667464, 321.4153887667464, 321.4153887667464, 321.4153887667464, 321.4153887667464, 321.4153887667464, 321.4153887667464, 321.4153887667464, 321.7835083953034, 321.7835083953034, 323.3723483085091, 324.0413129282244, 324.0413129282244, 324.0413129282244, 324.0413129282244, 324.0413129282244, 324.0413129282244, 324.0413129282244, 324.0413129282244, 324.25570099515664, 324.25570099515664, 324.25570099515664, 324.25570099515664, 324.5419399189398, 324.5419399189398, 324.5419399189398, 324.64831072634183, 324.64831072634183, 324.64831072634183, 324.64831072634183, 324.64831072634183, 324.64831072634183, 324.64831072634183, 324.64831072634183, 324.64831072634183, 324.64831072634183, 324.64831072634183, 324.64831072634183, 324.64831072634183, 327.5981388198754, 327.5981388198754, 327.5981388198754, 327.5981388198754, 327.5981388198754, 327.5981388198754, 327.5981388198754, 327.5981388198754, 327.5981388198754, 327.5981388198754, 327.5981388198754, 327.5981388198754, 327.5981388198754, 327.5981388198754, 327.5981388198754, 327.5981388198754, 327.5981388198754, 327.5981388198754, 327.5981388198754, 327.5981388198754, 327.5981388198754, 327.5981388198754, 327.5981388198754, 327.5981388198754, 327.5981388198754, 327.5981388198754, 327.5981388198754, 327.5981388198754, 327.5981388198754, 327.5981388198754, 327.5981388198754, 327.5981388198754, 327.5981388198754, 327.5981388198754, 327.5981388198754, 327.5981388198754, 327.5981388198754, 327.5981388198754, 327.5981388198754, 327.5981388198754, 327.5981388198754, 327.5981388198754, 327.5981388198754, 327.5981388198754, 327.5981388198754, 327.5981388198754, 327.5981388198754, 327.5981388198754, 327.5981388198754, 327.5981388198754, 327.5981388198754, 327.5981388198754, 327.5981388198754]
Execution Time: 675.3701 seconds

Run 4:
Best Seed Set: [22, 380, 482, 88, 13, 562, 666, 433, 856, 239, 59, 807, 453, 396, 113, 121, 547, 691, 386, 819, 25, 9, 408, 109, 257, 193, 839, 822, 351, 560, 668, 299, 829, 665, 771, 55, 143, 128, 385, 53, 376]
Best Seed Set Cost: 199.9192
Best Fitness Value (LIE): 326.6018
Spread: 626.666
Convergence Curve: [296.0025138966309, 296.0025138966309, 296.0025138966309, 296.3639020970388, 300.63065434853866, 302.46084458781206, 303.8456532604087, 304.7571247314541, 307.94865046594896, 308.1748256570347, 310.07007418020487, 313.52545052923614, 313.52545052923614, 313.52545052923614, 313.52545052923614, 313.52545052923614, 314.8243393906312, 315.8136787273967, 315.8136787273967, 315.8136787273967, 315.8136787273967, 318.7816041044274, 318.7816041044274, 318.7816041044274, 318.7816041044274, 318.7816041044274, 318.7816041044274, 318.7816041044274, 318.7816041044274, 318.7816041044274, 318.7816041044274, 318.7816041044274, 318.7816041044274, 319.5524106417315, 319.5524106417315, 319.5524106417315, 319.5524106417315, 319.5524106417315, 320.81302079415326, 320.81302079415326, 321.3655380065545, 321.3655380065545, 321.3655380065545, 321.3655380065545, 321.3655380065545, 321.3655380065545, 321.4944515615677, 322.8765470232311, 322.8765470232311, 322.8765470232311, 322.8765470232311, 322.8765470232311, 322.8765470232311, 322.8765470232311, 322.8765470232311, 322.8765470232311, 322.8765470232311, 323.9563012300529, 323.9563012300529, 323.9563012300529, 323.9563012300529, 323.9563012300529, 323.9563012300529, 324.0314305488139, 324.0314305488139, 324.0314305488139, 324.0314305488139, 324.0314305488139, 324.0314305488139, 324.0314305488139, 325.4522149214576, 325.4522149214576, 326.5592994017254, 326.5592994017254, 326.5592994017254, 326.5592994017254, 326.6018462119183, 326.6018462119183, 326.6018462119183, 326.6018462119183, 326.6018462119183, 326.6018462119183, 326.6018462119183, 326.6018462119183, 326.6018462119183, 326.6018462119183, 326.6018462119183, 326.6018462119183, 326.6018462119183, 326.6018462119183, 326.6018462119183, 326.6018462119183, 326.6018462119183, 326.6018462119183, 326.6018462119183, 326.6018462119183, 326.6018462119183, 326.6018462119183, 326.6018462119183, 326.6018462119183]
Execution Time: 687.1699 seconds

Run 5:
Best Seed Set: [170, 736, 617, 8, 697, 380, 452, 88, 13, 57, 415, 538, 239, 205, 803, 121, 557, 547, 166, 25, 853, 257, 370, 361, 484, 351, 560, 299, 372, 829, 481, 841, 539, 143, 53]
Best Seed Set Cost: 199.7298
Best Fitness Value (LIE): 326.4365
Spread: 636.826
Convergence Curve: [304.60018223672245, 307.43262163036974, 310.34106471469323, 310.34106471469323, 310.51086208527715, 315.98084388465617, 317.6302759409054, 317.6302759409054, 317.6302759409054, 318.32525461852106, 318.32525461852106, 318.32525461852106, 318.32525461852106, 318.32525461852106, 318.32525461852106, 318.32525461852106, 318.32525461852106, 318.32525461852106, 318.32525461852106, 318.32525461852106, 318.32525461852106, 318.32525461852106, 318.32525461852106, 318.32525461852106, 318.32525461852106, 318.32525461852106, 318.32525461852106, 318.32525461852106, 318.32525461852106, 318.32525461852106, 318.32525461852106, 318.32525461852106, 318.32525461852106, 318.32525461852106, 318.32525461852106, 318.32525461852106, 318.32525461852106, 319.18259945295046, 320.83529582335694, 320.83529582335694, 322.43101347060286, 322.43101347060286, 322.43101347060286, 322.43101347060286, 322.9800774209673, 323.2274827867993, 323.2274827867993, 323.2274827867993, 323.2274827867993, 324.28720311671236, 324.28720311671236, 324.28720311671236, 324.28720311671236, 324.28720311671236, 324.28720311671236, 324.28720311671236, 324.28720311671236, 324.28720311671236, 324.42888752882703, 326.43648480238204, 326.43648480238204, 326.43648480238204, 326.43648480238204, 326.43648480238204, 326.43648480238204, 326.43648480238204, 326.43648480238204, 326.43648480238204, 326.43648480238204, 326.43648480238204, 326.43648480238204, 326.43648480238204, 326.43648480238204, 326.43648480238204, 326.43648480238204, 326.43648480238204, 326.43648480238204, 326.43648480238204, 326.43648480238204, 326.43648480238204, 326.43648480238204, 326.43648480238204, 326.43648480238204, 326.43648480238204, 326.43648480238204, 326.43648480238204, 326.43648480238204, 326.43648480238204, 326.43648480238204, 326.43648480238204, 326.43648480238204, 326.43648480238204, 326.43648480238204, 326.43648480238204, 326.43648480238204, 326.43648480238204, 326.43648480238204, 326.43648480238204, 326.43648480238204, 326.43648480238204]
Execution Time: 624.6900 seconds

Run 6:
Best Seed Set: [170, 550, 736, 230, 8, 380, 452, 88, 57, 415, 856, 98, 212, 568, 738, 453, 113, 803, 660, 646, 853, 51, 839, 364, 216, 337, 560, 299, 67, 425, 392, 376]
Best Seed Set Cost: 199.9169
Best Fitness Value (LIE): 326.8838
Spread: 642.165
Convergence Curve: [300.0972314034226, 300.0972314034226, 301.1358725130157, 307.32359014988, 307.64011804058174, 308.0104826278619, 312.81541307612696, 313.69739195295267, 313.69739195295267, 317.59082349751986, 317.59082349751986, 317.59082349751986, 317.59082349751986, 317.59082349751986, 317.59082349751986, 317.59082349751986, 317.59082349751986, 317.59082349751986, 317.59082349751986, 317.6740872651208, 317.6740872651208, 317.6740872651208, 317.6740872651208, 317.6740872651208, 317.6740872651208, 317.8256807898891, 318.17811185971317, 318.17811185971317, 318.17811185971317, 318.17811185971317, 318.17811185971317, 319.1264981569013, 319.1264981569013, 319.7961048157632, 319.7961048157632, 319.7961048157632, 319.7961048157632, 319.7961048157632, 319.7961048157632, 319.7961048157632, 320.13186163062204, 320.91556673263796, 320.91556673263796, 320.91556673263796, 320.91556673263796, 320.91556673263796, 320.91556673263796, 321.03703079816853, 321.03703079816853, 322.8028448570437, 322.8028448570437, 324.0497794286515, 324.0497794286515, 324.0497794286515, 324.0497794286515, 325.08728051131135, 326.8838197327344, 326.8838197327344, 326.8838197327344, 326.8838197327344, 326.8838197327344, 326.8838197327344, 326.8838197327344, 326.8838197327344, 326.8838197327344, 326.8838197327344, 326.8838197327344, 326.8838197327344, 326.8838197327344, 326.8838197327344, 326.8838197327344, 326.8838197327344, 326.8838197327344, 326.8838197327344, 326.8838197327344, 326.8838197327344, 326.8838197327344, 326.8838197327344, 326.8838197327344, 326.8838197327344, 326.8838197327344, 326.8838197327344, 326.8838197327344, 326.8838197327344, 326.8838197327344, 326.8838197327344, 326.8838197327344, 326.8838197327344, 326.8838197327344, 326.8838197327344, 326.8838197327344, 326.8838197327344, 326.8838197327344, 326.8838197327344, 326.8838197327344, 326.8838197327344, 326.8838197327344, 326.8838197327344, 326.8838197327344, 326.8838197327344]
Execution Time: 605.9852 seconds

Run 7:
Best Seed Set: [170, 230, 617, 8, 697, 380, 452, 513, 433, 856, 807, 285, 803, 121, 557, 819, 692, 25, 9, 393, 763, 247, 839, 148, 785, 675, 361, 484, 281, 351, 398, 771, 156, 128, 53, 637, 381]
Best Seed Set Cost: 199.5966
Best Fitness Value (LIE): 325.2008
Spread: 635.773
Convergence Curve: [309.39261558570746, 309.39261558570746, 309.39261558570746, 309.39261558570746, 309.7023235538158, 313.3921544264559, 316.954233232684, 319.10102541471804, 320.0016728318441, 320.0016728318441, 320.0016728318441, 320.0016728318441, 320.0016728318441, 321.4386478477761, 321.4386478477761, 321.4386478477761, 321.4386478477761, 321.4386478477761, 321.4386478477761, 321.4386478477761, 321.4386478477761, 321.4386478477761, 321.4386478477761, 321.4386478477761, 321.4386478477761, 321.4386478477761, 321.4386478477761, 321.4386478477761, 321.4386478477761, 321.4386478477761, 321.4386478477761, 321.4386478477761, 321.4386478477761, 321.4386478477761, 321.4386478477761, 321.4386478477761, 321.4386478477761, 321.4386478477761, 321.4386478477761, 323.752674019438, 323.752674019438, 323.752674019438, 324.7342055340327, 324.7342055340327, 324.7342055340327, 324.7342055340327, 324.7342055340327, 324.7342055340327, 324.7342055340327, 324.7342055340327, 324.7342055340327, 324.7342055340327, 324.7342055340327, 324.7342055340327, 324.7342055340327, 324.7342055340327, 324.7342055340327, 324.7342055340327, 324.7342055340327, 324.7342055340327, 324.7342055340327, 324.7342055340327, 324.7342055340327, 324.7342055340327, 324.7342055340327, 324.7342055340327, 324.7342055340327, 324.7342055340327, 324.7342055340327, 324.7342055340327, 324.7342055340327, 324.7342055340327, 324.7342055340327, 325.0449402258702, 325.0449402258702, 325.0449402258702, 325.0449402258702, 325.0449402258702, 325.0449402258702, 325.0449402258702, 325.0449402258702, 325.0449402258702, 325.0449402258702, 325.0449402258702, 325.2008061913928, 325.2008061913928, 325.2008061913928, 325.2008061913928, 325.2008061913928, 325.2008061913928, 325.2008061913928, 325.2008061913928, 325.2008061913928, 325.2008061913928, 325.2008061913928, 325.2008061913928, 325.2008061913928, 325.2008061913928, 325.2008061913928, 325.2008061913928]
Execution Time: 643.6797 seconds

Run 8:
Best Seed Set: [170, 550, 230, 8, 697, 380, 750, 452, 88, 13, 447, 562, 123, 415, 237, 233, 356, 59, 807, 568, 738, 396, 803, 121, 646, 471, 781, 668, 372, 376]
Best Seed Set Cost: 198.9939
Best Fitness Value (LIE): 327.4903
Spread: 646.587
Convergence Curve: [300.9268049882727, 300.9268049882727, 300.9268049882727, 301.53035464533565, 302.68142511113217, 311.38609605332334, 313.13133566317794, 315.8499449498973, 320.3025173001308, 320.3025173001308, 320.3025173001308, 320.3025173001308, 320.3025173001308, 321.3904120425782, 321.3904120425782, 321.51335563841525, 321.51335563841525, 322.8818643047796, 322.8818643047796, 322.8818643047796, 322.8818643047796, 322.8818643047796, 322.8818643047796, 323.18447016745006, 323.18447016745006, 323.18447016745006, 323.18447016745006, 323.18447016745006, 323.18447016745006, 323.18447016745006, 323.18447016745006, 323.18447016745006, 323.18447016745006, 323.18447016745006, 323.18447016745006, 323.18447016745006, 323.18447016745006, 323.18447016745006, 323.18447016745006, 323.18447016745006, 323.18447016745006, 323.18447016745006, 323.18447016745006, 323.18447016745006, 323.18447016745006, 323.18447016745006, 323.18447016745006, 323.18447016745006, 323.18447016745006, 323.18447016745006, 323.18447016745006, 323.18447016745006, 323.18447016745006, 323.18447016745006, 323.18447016745006, 323.18447016745006, 323.18447016745006, 323.18447016745006, 323.18447016745006, 323.18447016745006, 323.18447016745006, 323.18447016745006, 323.18447016745006, 323.18447016745006, 323.18447016745006, 323.18447016745006, 323.18447016745006, 323.18447016745006, 323.18447016745006, 323.18447016745006, 323.18447016745006, 323.18447016745006, 323.18447016745006, 323.18447016745006, 323.18447016745006, 323.18447016745006, 323.26897925145306, 324.3768693420214, 325.56842946988854, 325.56842946988854, 325.56842946988854, 325.56842946988854, 325.56842946988854, 325.56842946988854, 327.49025742987686, 327.49025742987686, 327.49025742987686, 327.49025742987686, 327.49025742987686, 327.49025742987686, 327.49025742987686, 327.49025742987686, 327.49025742987686, 327.49025742987686, 327.49025742987686, 327.49025742987686, 327.49025742987686, 327.49025742987686, 327.49025742987686, 327.49025742987686]
Execution Time: 610.3969 seconds

Run 9:
Best Seed Set: [431, 170, 8, 762, 448, 199, 13, 666, 237, 513, 538, 356, 59, 205, 224, 113, 547, 692, 317, 404, 763, 51, 839, 546, 675, 499, 702, 108, 372, 67, 841]
Best Seed Set Cost: 199.9841
Best Fitness Value (LIE): 316.3447
Spread: 644.058
Convergence Curve: [300.02238921276904, 303.8301141001475, 309.0036373483664, 309.0036373483664, 309.0036373483664, 309.0036373483664, 309.0036373483664, 309.0036373483664, 309.0036373483664, 309.0036373483664, 309.0036373483664, 309.0036373483664, 309.0036373483664, 309.0036373483664, 310.2341574319497, 313.1808691887474, 313.1808691887474, 313.1808691887474, 313.1808691887474, 313.1808691887474, 316.3446704234099, 316.3446704234099, 316.3446704234099, 316.3446704234099, 316.3446704234099, 316.3446704234099, 316.3446704234099, 316.3446704234099, 316.3446704234099, 316.3446704234099, 316.3446704234099, 316.3446704234099, 316.3446704234099, 316.3446704234099, 316.3446704234099, 316.3446704234099, 316.3446704234099, 316.3446704234099, 316.3446704234099, 316.3446704234099, 316.3446704234099, 316.3446704234099, 316.3446704234099, 316.3446704234099, 316.3446704234099, 316.3446704234099, 316.3446704234099, 316.3446704234099, 316.3446704234099, 316.3446704234099, 316.3446704234099, 316.3446704234099, 316.3446704234099, 316.3446704234099, 316.3446704234099, 316.3446704234099, 316.3446704234099, 316.3446704234099, 316.3446704234099, 316.3446704234099, 316.3446704234099, 316.3446704234099, 316.3446704234099, 316.3446704234099, 316.3446704234099, 316.3446704234099, 316.3446704234099, 316.3446704234099, 316.3446704234099, 316.3446704234099, 316.3446704234099, 316.3446704234099, 316.3446704234099, 316.3446704234099, 316.3446704234099, 316.3446704234099, 316.3446704234099, 316.3446704234099, 316.3446704234099, 316.3446704234099, 316.3446704234099, 316.3446704234099, 316.3446704234099, 316.3446704234099, 316.3446704234099, 316.3446704234099, 316.3446704234099, 316.3446704234099, 316.3446704234099, 316.3446704234099, 316.3446704234099, 316.3446704234099, 316.3446704234099, 316.3446704234099, 316.3446704234099, 316.3446704234099, 316.3446704234099, 316.3446704234099, 316.3446704234099, 316.3446704234099]
Execution Time: 624.0467 seconds

Run 10:
Best Seed Set: [431, 170, 617, 380, 452, 13, 123, 415, 666, 237, 356, 738, 396, 803, 121, 819, 471, 659, 50, 9, 404, 247, 257, 364, 370, 281, 702, 299, 434, 829, 804, 496, 376]
Best Seed Set Cost: 199.9015
Best Fitness Value (LIE): 325.5681
Spread: 645.697
Convergence Curve: [294.41431291080374, 300.3265752934933, 308.06070391866075, 311.1752981766488, 316.5092590159829, 321.1305381698474, 322.1465538674967, 322.1465538674967, 323.41335772893615, 323.41335772893615, 323.41335772893615, 323.41335772893615, 323.41335772893615, 324.7498023400187, 324.7498023400187, 324.7498023400187, 324.7498023400187, 325.1719530254578, 325.1719530254578, 325.1719530254578, 325.1719530254578, 325.1719530254578, 325.1719530254578, 325.1719530254578, 325.1719530254578, 325.1719530254578, 325.1719530254578, 325.1719530254578, 325.5681077705366, 325.5681077705366, 325.5681077705366, 325.5681077705366, 325.5681077705366, 325.5681077705366, 325.5681077705366, 325.5681077705366, 325.5681077705366, 325.5681077705366, 325.5681077705366, 325.5681077705366, 325.5681077705366, 325.5681077705366, 325.5681077705366, 325.5681077705366, 325.5681077705366, 325.5681077705366, 325.5681077705366, 325.5681077705366, 325.5681077705366, 325.5681077705366, 325.5681077705366, 325.5681077705366, 325.5681077705366, 325.5681077705366, 325.5681077705366, 325.5681077705366, 325.5681077705366, 325.5681077705366, 325.5681077705366, 325.5681077705366, 325.5681077705366, 325.5681077705366, 325.5681077705366, 325.5681077705366, 325.5681077705366, 325.5681077705366, 325.5681077705366, 325.5681077705366, 325.5681077705366, 325.5681077705366, 325.5681077705366, 325.5681077705366, 325.5681077705366, 325.5681077705366, 325.5681077705366, 325.5681077705366, 325.5681077705366, 325.5681077705366, 325.5681077705366, 325.5681077705366, 325.5681077705366, 325.5681077705366, 325.5681077705366, 325.5681077705366, 325.5681077705366, 325.5681077705366, 325.5681077705366, 325.5681077705366, 325.5681077705366, 325.5681077705366, 325.5681077705366, 325.5681077705366, 325.5681077705366, 325.5681077705366, 325.5681077705366, 325.5681077705366, 325.5681077705366, 325.5681077705366, 325.5681077705366, 325.5681077705366]
Execution Time: 542.9882 seconds

