Input file: soc-hamsterster.edges
Budget: 90
Number of Nodes: 2426
k: 5
Iterations: 100
Search Agents: 50

Run 1:
Best Seed Set: [42, 167, 154, 342, 323]
Best Seed Set Cost: 86.0041
Best Fitness Value (LIE): 135.4439
Spread: 1669.481
Convergence Curve: [119.9728310984144, 121.47388434349368, 121.47388434349368, 122.15254267678641, 124.35077196983883, 128.61074571385532, 129.06088335411602, 135.44392126489421, 135.44392126489421, 135.44392126489421, 135.44392126489421, 135.44392126489421, 135.44392126489421, 135.44392126489421, 135.44392126489421, 135.44392126489421, 135.44392126489421, 135.44392126489421, 135.44392126489421, 135.44392126489421, 135.44392126489421, 135.44392126489421, 135.44392126489421, 135.44392126489421, 135.44392126489421, 135.44392126489421, 135.44392126489421, 135.44392126489421, 135.44392126489421, 135.44392126489421, 135.44392126489421, 135.44392126489421, 135.44392126489421, 135.44392126489421, 135.44392126489421, 135.44392126489421, 135.44392126489421, 135.44392126489421, 135.44392126489421, 135.44392126489421, 135.44392126489421, 135.44392126489421, 135.44392126489421, 135.44392126489421, 135.44392126489421, 135.44392126489421, 135.44392126489421, 135.44392126489421, 135.44392126489421, 135.44392126489421, 135.44392126489421, 135.44392126489421, 135.44392126489421, 135.44392126489421, 135.44392126489421, 135.44392126489421, 135.44392126489421, 135.44392126489421, 135.44392126489421, 135.44392126489421, 135.44392126489421, 135.44392126489421, 135.44392126489421, 135.44392126489421, 135.44392126489421, 135.44392126489421, 135.44392126489421, 135.44392126489421, 135.44392126489421, 135.44392126489421, 135.44392126489421, 135.44392126489421, 135.44392126489421, 135.44392126489421, 135.44392126489421, 135.44392126489421, 135.44392126489421, 135.44392126489421, 135.44392126489421, 135.44392126489421, 135.44392126489421, 135.44392126489421, 135.44392126489421, 135.44392126489421, 135.44392126489421, 135.44392126489421, 135.44392126489421, 135.44392126489421, 135.44392126489421, 135.44392126489421, 135.44392126489421, 135.44392126489421, 135.44392126489421, 135.44392126489421, 135.44392126489421, 135.44392126489421, 135.44392126489421, 135.44392126489421, 135.44392126489421, 135.44392126489421]

