Input file: soc-hamsterster.edges
Budget: 200
Number of Nodes: 2426
k: 10
Iterations: 100
Search Agents: 50

Run 1:
Best Seed Set: [2311, 146, 196, 4, 63, 312, 19, 210, 323, 1915]
Best Seed Set Cost: 194.9062
Best Fitness Value (LIE): 309.5215
Spread: 1790.879
Convergence Curve: [271.5550945874624, 271.5550945874624, 271.5550945874624, 271.5550945874624, 271.5550945874624, 271.5550945874624, 271.5550945874624, 271.5550945874624, 271.5550945874624, 271.5550945874624, 271.5550945874624, 271.5550945874624, 271.5550945874624, 271.5550945874624, 271.5550945874624, 276.4868035219695, 276.4868035219695, 288.4974560222621, 288.4974560222621, 288.4974560222621, 288.4974560222621, 288.4974560222621, 289.5603618555189, 289.84543404726605, 289.84543404726605, 297.10524442901743, 297.10524442901743, 297.10524442901743, 297.10524442901743, 297.10524442901743, 297.10524442901743, 297.10524442901743, 297.10524442901743, 297.10524442901743, 297.10524442901743, 298.20314216347845, 300.39780726279554, 302.6552777679576, 302.6552777679576, 308.32432121556053, 308.32432121556053, 308.32432121556053, 308.32432121556053, 308.32432121556053, 308.32432121556053, 308.32432121556053, 308.32432121556053, 308.32432121556053, 308.32432121556053, 308.32432121556053, 308.32432121556053, 308.32432121556053, 308.32432121556053, 308.32432121556053, 309.5214639708134, 309.5214639708134, 309.5214639708134, 309.5214639708134, 309.5214639708134, 309.5214639708134, 309.5214639708134, 309.5214639708134, 309.5214639708134, 309.5214639708134, 309.5214639708134, 309.5214639708134, 309.5214639708134, 309.5214639708134, 309.5214639708134, 309.5214639708134, 309.5214639708134, 309.5214639708134, 309.5214639708134, 309.5214639708134, 309.5214639708134, 309.5214639708134, 309.5214639708134, 309.5214639708134, 309.5214639708134, 309.5214639708134, 309.5214639708134, 309.5214639708134, 309.5214639708134, 309.5214639708134, 309.5214639708134, 309.5214639708134, 309.5214639708134, 309.5214639708134, 309.5214639708134, 309.5214639708134, 309.5214639708134, 309.5214639708134, 309.5214639708134, 309.5214639708134, 309.5214639708134, 309.5214639708134, 309.5214639708134, 309.5214639708134, 309.5214639708134, 309.5214639708134]
Execution Time: 1071.6522 seconds

