Algorithm name: CapSA
Input file: soc-hamsterster.edges
Budget: 800
Number of Nodes: 2426
k: 10
Iterations: 100
Search Agents: 50

Run 1:
Best Seed Set: [73, 6, 13, 21, 2, 313, 812, 196, 182, 637]
Best Seed Set Cost: 522.8095
Best Fitness Value (LIE): 460.6567
Spread: 1799.224
Convergence Curve: [391.7685013400301, 409.9396515518083, 409.9396515518083, 436.48436527631156, 436.48436527631156, 436.48436527631156, 436.48436527631156, 436.48436527631156, 436.48436527631156, 436.48436527631156, 436.48436527631156, 436.48436527631156, 436.48436527631156, 436.48436527631156, 436.48436527631156, 436.48436527631156, 436.48436527631156, 436.48436527631156, 436.48436527631156, 436.48436527631156, 436.48436527631156, 439.8620986116644, 439.8620986116644, 450.51465251215126, 453.96981615523754, 453.96981615523754, 453.96981615523754, 453.96981615523754, 453.96981615523754, 453.96981615523754, 453.96981615523754, 453.96981615523754, 453.96981615523754, 453.96981615523754, 453.96981615523754, 453.96981615523754, 453.96981615523754, 453.96981615523754, 454.32924984484174, 454.32924984484174, 454.32924984484174, 454.32924984484174, 454.32924984484174, 454.32924984484174, 454.32924984484174, 454.32924984484174, 454.32924984484174, 454.32924984484174, 454.32924984484174, 454.32924984484174, 454.32924984484174, 454.32924984484174, 454.32924984484174, 454.32924984484174, 454.32924984484174, 454.32924984484174, 454.32924984484174, 454.32924984484174, 454.32924984484174, 454.32924984484174, 454.32924984484174, 454.32924984484174, 454.32924984484174, 454.32924984484174, 454.32924984484174, 454.32924984484174, 454.32924984484174, 454.32924984484174, 454.32924984484174, 454.32924984484174, 454.32924984484174, 454.32924984484174, 460.6567343752673, 460.6567343752673, 460.6567343752673, 460.6567343752673, 460.6567343752673, 460.6567343752673, 460.6567343752673, 460.6567343752673, 460.6567343752673, 460.6567343752673, 460.6567343752673, 460.6567343752673, 460.6567343752673, 460.6567343752673, 460.6567343752673, 460.6567343752673, 460.6567343752673, 460.6567343752673, 460.6567343752673, 460.6567343752673, 460.6567343752673, 460.6567343752673, 460.6567343752673, 460.6567343752673, 460.6567343752673, 460.6567343752673, 460.6567343752673, 460.6567343752673]
Execution Time: 1967.1035 seconds

Run 2:
Best Seed Set: [6, 69, 121, 301, 21, 202, 189, 147, 196, 63]
Best Seed Set Cost: 488.0772
Best Fitness Value (LIE): 485.9408
Spread: 1796.597
Convergence Curve: [360.55111607658506, 360.55111607658506, 360.55111607658506, 364.5077416341021, 412.85831637285577, 417.69008814361024, 417.69008814361024, 425.5707951277727, 427.74806082635166, 427.74806082635166, 427.74806082635166, 427.74806082635166, 427.74806082635166, 427.74806082635166, 427.74806082635166, 429.8367104611978, 429.8367104611978, 429.8874071952515, 429.8874071952515, 429.8874071952515, 429.8874071952515, 429.8874071952515, 429.8874071952515, 429.8874071952515, 429.8874071952515, 429.8874071952515, 435.58592848000626, 435.58592848000626, 435.58592848000626, 435.58592848000626, 435.58592848000626, 435.58592848000626, 435.58592848000626, 435.58592848000626, 435.58592848000626, 435.58592848000626, 435.58592848000626, 435.58592848000626, 435.58592848000626, 435.58592848000626, 435.58592848000626, 435.58592848000626, 435.58592848000626, 435.58592848000626, 435.58592848000626, 435.58592848000626, 444.02786589907714, 444.02786589907714, 465.45975827418494, 465.45975827418494, 469.0817704591843, 469.0817704591843, 469.0817704591843, 469.0817704591843, 469.0817704591843, 469.4690526766442, 469.4690526766442, 469.4690526766442, 485.94081089542004, 485.94081089542004, 485.94081089542004, 485.94081089542004, 485.94081089542004, 485.94081089542004, 485.94081089542004, 485.94081089542004, 485.94081089542004, 485.94081089542004, 485.94081089542004, 485.94081089542004, 485.94081089542004, 485.94081089542004, 485.94081089542004, 485.94081089542004, 485.94081089542004, 485.94081089542004, 485.94081089542004, 485.94081089542004, 485.94081089542004, 485.94081089542004, 485.94081089542004, 485.94081089542004, 485.94081089542004, 485.94081089542004, 485.94081089542004, 485.94081089542004, 485.94081089542004, 485.94081089542004, 485.94081089542004, 485.94081089542004, 485.94081089542004, 485.94081089542004, 485.94081089542004, 485.94081089542004, 485.94081089542004, 485.94081089542004, 485.94081089542004, 485.94081089542004, 485.94081089542004, 485.94081089542004]
Execution Time: 1911.2410 seconds

Run 3:
Best Seed Set: [73, 6, 69, 301, 66, 202, 159, 622, 189, 812]
Best Seed Set Cost: 628.1500
Best Fitness Value (LIE): 494.2916
Spread: 1797.609
Convergence Curve: [362.5404798705463, 362.5404798705463, 364.3802637766019, 399.8404969717171, 408.1394896274067, 421.65151896447514, 425.92659927089557, 428.7666773942252, 428.7666773942252, 439.3095271329174, 439.3095271329174, 447.88903088374764, 447.88903088374764, 447.88903088374764, 447.88903088374764, 447.88903088374764, 449.2666089763122, 449.2666089763122, 449.2666089763122, 452.1311741006694, 452.1311741006694, 452.1311741006694, 452.1311741006694, 458.63603973554257, 465.5504967267221, 472.043920509602, 472.043920509602, 472.043920509602, 476.46811547814576, 483.3403231943637, 484.2976561435888, 484.2976561435888, 484.2976561435888, 484.2976561435888, 484.2976561435888, 484.2976561435888, 484.2976561435888, 484.2976561435888, 484.2976561435888, 484.2976561435888, 484.2976561435888, 484.2976561435888, 484.2976561435888, 484.2976561435888, 484.2976561435888, 484.2976561435888, 484.2976561435888, 484.2976561435888, 484.2976561435888, 484.2976561435888, 484.4271685040077, 487.0217360996311, 487.0217360996311, 487.0217360996311, 487.0217360996311, 487.0217360996311, 487.0217360996311, 487.0217360996311, 487.0217360996311, 487.0217360996311, 487.0217360996311, 487.0217360996311, 487.0217360996311, 487.0217360996311, 487.0217360996311, 487.0217360996311, 487.0217360996311, 487.0217360996311, 487.0217360996311, 487.0217360996311, 487.0217360996311, 487.0217360996311, 487.0217360996311, 487.0217360996311, 487.0217360996311, 487.0217360996311, 487.0217360996311, 487.0217360996311, 487.0217360996311, 487.0217360996311, 487.0217360996311, 487.0217360996311, 487.0217360996311, 487.0217360996311, 487.0217360996311, 487.0217360996311, 487.0217360996311, 487.0217360996311, 487.0217360996311, 487.0217360996311, 487.0217360996311, 487.0217360996311, 487.0217360996311, 487.0217360996311, 487.0217360996311, 494.2915736558322, 494.2915736558322, 494.2915736558322, 494.2915736558322, 494.2915736558322]
Execution Time: 1820.0555 seconds

Run 4:
Best Seed Set: [73, 6, 69, 21, 202, 622, 189, 617, 148, 42]
Best Seed Set Cost: 592.6434
Best Fitness Value (LIE): 500.2687
Spread: 1798.019
Convergence Curve: [373.9561390799903, 373.9561390799903, 373.9561390799903, 373.9561390799903, 373.9561390799903, 384.78862899891567, 403.19441226672427, 432.41098674968737, 447.4408626608898, 447.72004665760136, 459.6518045095545, 472.97743632139486, 480.5085208067374, 494.71140668648366, 499.0640130919052, 499.0640130919052, 500.2687095420934, 500.2687095420934, 500.2687095420934, 500.2687095420934, 500.2687095420934, 500.2687095420934, 500.2687095420934, 500.2687095420934, 500.2687095420934, 500.2687095420934, 500.2687095420934, 500.2687095420934, 500.2687095420934, 500.2687095420934, 500.2687095420934, 500.2687095420934, 500.2687095420934, 500.2687095420934, 500.2687095420934, 500.2687095420934, 500.2687095420934, 500.2687095420934, 500.2687095420934, 500.2687095420934, 500.2687095420934, 500.2687095420934, 500.2687095420934, 500.2687095420934, 500.2687095420934, 500.2687095420934, 500.2687095420934, 500.2687095420934, 500.2687095420934, 500.2687095420934, 500.2687095420934, 500.2687095420934, 500.2687095420934, 500.2687095420934, 500.2687095420934, 500.2687095420934, 500.2687095420934, 500.2687095420934, 500.2687095420934, 500.2687095420934, 500.2687095420934, 500.2687095420934, 500.2687095420934, 500.2687095420934, 500.2687095420934, 500.2687095420934, 500.2687095420934, 500.2687095420934, 500.2687095420934, 500.2687095420934, 500.2687095420934, 500.2687095420934, 500.2687095420934, 500.2687095420934, 500.2687095420934, 500.2687095420934, 500.2687095420934, 500.2687095420934, 500.2687095420934, 500.2687095420934, 500.2687095420934, 500.2687095420934, 500.2687095420934, 500.2687095420934, 500.2687095420934, 500.2687095420934, 500.2687095420934, 500.2687095420934, 500.2687095420934, 500.2687095420934, 500.2687095420934, 500.2687095420934, 500.2687095420934, 500.2687095420934, 500.2687095420934, 500.2687095420934, 500.2687095420934, 500.2687095420934, 500.2687095420934, 500.2687095420934]
Execution Time: 1726.8026 seconds

Run 5:
Best Seed Set: [69, 121, 301, 13, 66, 21, 617, 11, 148, 209]
Best Seed Set Cost: 424.2275
Best Fitness Value (LIE): 444.4381
Spread: 1799.033
Convergence Curve: [387.2980959016301, 387.95727405717577, 387.95727405717577, 393.1314563207708, 395.7329024283819, 395.7329024283819, 395.7329024283819, 395.7329024283819, 396.7766450328495, 397.17845436101305, 397.17845436101305, 401.2081038982962, 409.0279292581279, 409.0279292581279, 409.0279292581279, 414.7279786147909, 432.2469004090163, 439.2346179769783, 439.2346179769783, 439.2346179769783, 439.2346179769783, 439.42135350711277, 439.42135350711277, 441.19982803197456, 441.19982803197456, 441.19982803197456, 441.19982803197456, 441.19982803197456, 441.19982803197456, 441.19982803197456, 441.19982803197456, 441.19982803197456, 441.19982803197456, 441.19982803197456, 441.19982803197456, 441.19982803197456, 441.19982803197456, 441.19982803197456, 441.19982803197456, 441.19982803197456, 441.19982803197456, 441.19982803197456, 441.19982803197456, 441.19982803197456, 441.19982803197456, 441.19982803197456, 441.19982803197456, 441.19982803197456, 441.19982803197456, 441.19982803197456, 441.19982803197456, 441.19982803197456, 441.19982803197456, 441.19982803197456, 441.19982803197456, 441.19982803197456, 441.19982803197456, 441.19982803197456, 441.19982803197456, 441.2261580365698, 441.2261580365698, 441.2261580365698, 441.2261580365698, 441.2261580365698, 441.2261580365698, 441.2261580365698, 441.2261580365698, 442.5368363920993, 442.5368363920993, 442.5368363920993, 442.5368363920993, 442.5368363920993, 442.5368363920993, 442.5368363920993, 442.5368363920993, 442.5368363920993, 442.5368363920993, 442.5368363920993, 442.5368363920993, 442.5368363920993, 442.5368363920993, 442.5368363920993, 442.5368363920993, 442.5368363920993, 442.5368363920993, 444.43812993488496, 444.43812993488496, 444.43812993488496, 444.43812993488496, 444.43812993488496, 444.43812993488496, 444.43812993488496, 444.43812993488496, 444.43812993488496, 444.43812993488496, 444.43812993488496, 444.43812993488496, 444.43812993488496, 444.43812993488496, 444.43812993488496]
Execution Time: 1609.6951 seconds

