Algorithm name: CapSA
Input file: soc-wiki-Vote.mtx
Budget: 350
Number of Nodes: 889
k: 40
Iterations: 100
Search Agents: 50

Run 1:
Best Seed Set: [273, 431, 170, 536, 230, 399, 8, 697, 380, 416, 635, 452, 482, 88, 199, 562, 666, 237, 233, 856, 212, 356, 205, 807, 738, 121, 386, 819, 25, 9, 404, 247, 839, 91, 216, 337, 784, 108, 509, 665]
Best Seed Set Cost: 313.9640
Best Fitness Value (LIE): 449.0569
Spread: 638.965
Convergence Curve: [390.58984433717995, 400.4865649571977, 400.4865649571977, 400.4865649571977, 415.0013869012052, 418.5316275303255, 423.5029141104523, 425.6018965591136, 426.0316118553263, 426.0316118553263, 426.0316118553263, 431.5817655973539, 431.5817655973539, 431.5817655973539, 431.7197432998171, 432.4058259640105, 432.6118018190851, 433.40585336574435, 436.6506261701189, 436.6506261701189, 436.68534227481615, 436.68534227481615, 436.68534227481615, 438.8065971536954, 442.31185411611625, 442.31185411611625, 444.90776232066185, 445.06893033113437, 445.06893033113437, 445.06893033113437, 445.06893033113437, 445.06893033113437, 445.06893033113437, 445.06893033113437, 445.06893033113437, 445.06893033113437, 445.06893033113437, 445.06893033113437, 445.06893033113437, 445.89488765023646, 445.89488765023646, 445.89488765023646, 445.89488765023646, 445.89488765023646, 445.89488765023646, 445.89488765023646, 445.89488765023646, 445.89488765023646, 445.89488765023646, 445.89488765023646, 445.89488765023646, 447.4054213934062, 447.4054213934062, 447.71625181966937, 447.71625181966937, 447.71625181966937, 447.71625181966937, 447.71625181966937, 447.71625181966937, 447.71625181966937, 447.71625181966937, 447.71625181966937, 447.71625181966937, 447.71625181966937, 448.2465932111259, 448.2465932111259, 448.2465932111259, 448.2465932111259, 448.2465932111259, 448.2465932111259, 448.2465932111259, 448.2465932111259, 448.2465932111259, 448.2465932111259, 448.2465932111259, 448.2465932111259, 449.05694985264626, 449.05694985264626, 449.05694985264626, 449.05694985264626, 449.05694985264626, 449.05694985264626, 449.05694985264626, 449.05694985264626, 449.05694985264626, 449.05694985264626, 449.05694985264626, 449.05694985264626, 449.05694985264626, 449.05694985264626, 449.05694985264626, 449.05694985264626, 449.05694985264626, 449.05694985264626, 449.05694985264626, 449.05694985264626, 449.05694985264626, 449.05694985264626, 449.05694985264626, 449.05694985264626]
Execution Time: 1059.0416 seconds

Run 2:
Best Seed Set: [273, 431, 550, 736, 536, 22, 380, 416, 482, 88, 199, 57, 118, 415, 690, 513, 709, 856, 356, 707, 59, 205, 113, 121, 660, 547, 691, 386, 50, 25, 9, 51, 193, 20, 364, 216, 765, 829, 368, 804]
Best Seed Set Cost: 284.2110
Best Fitness Value (LIE): 410.6459
Spread: 637.039
Convergence Curve: [371.1385465637875, 374.21753803750863, 381.5270234743437, 386.4249915162394, 393.0084836181543, 395.75807408478806, 397.0622622707815, 397.0622622707815, 397.0622622707815, 397.0622622707815, 399.92626224041794, 400.8443624239611, 402.51933633604693, 402.51933633604693, 404.47551676390765, 404.47551676390765, 404.47551676390765, 404.47551676390765, 404.47551676390765, 404.6196354983195, 404.95488619439175, 404.95488619439175, 404.95488619439175, 405.88842865309965, 407.12714467974973, 407.12714467974973, 407.12714467974973, 407.12714467974973, 407.12714467974973, 407.12714467974973, 407.12714467974973, 407.12714467974973, 407.12714467974973, 407.12714467974973, 407.12714467974973, 407.12714467974973, 407.12714467974973, 407.12714467974973, 407.12714467974973, 407.12714467974973, 407.12714467974973, 407.12714467974973, 407.12714467974973, 407.12714467974973, 407.12714467974973, 407.2460516479226, 407.2460516479226, 407.2460516479226, 407.2460516479226, 407.2460516479226, 408.1607552079206, 408.1607552079206, 408.1607552079206, 408.1607552079206, 408.1607552079206, 408.1607552079206, 408.1607552079206, 408.63291107491347, 408.63291107491347, 408.63291107491347, 408.63291107491347, 408.63291107491347, 408.63291107491347, 408.63291107491347, 408.63291107491347, 408.63291107491347, 408.63291107491347, 408.63291107491347, 408.63291107491347, 408.63291107491347, 408.63291107491347, 408.63291107491347, 408.64994181633193, 409.108611741711, 409.108611741711, 410.4707724382018, 410.4872801147233, 410.6459026577955, 410.6459026577955, 410.6459026577955, 410.6459026577955, 410.6459026577955, 410.6459026577955, 410.6459026577955, 410.6459026577955, 410.6459026577955, 410.6459026577955, 410.6459026577955, 410.6459026577955, 410.6459026577955, 410.6459026577955, 410.6459026577955, 410.6459026577955, 410.6459026577955, 410.6459026577955, 410.6459026577955, 410.6459026577955, 410.6459026577955, 410.6459026577955, 410.6459026577955]
Execution Time: 813.5701 seconds

Run 3:
Best Seed Set: [431, 170, 204, 550, 536, 230, 399, 8, 380, 762, 416, 750, 482, 13, 447, 123, 666, 237, 233, 856, 205, 807, 322, 548, 453, 396, 113, 121, 660, 646, 25, 687, 109, 839, 20, 364, 351, 434, 665, 723]
Best Seed Set Cost: 314.2768
Best Fitness Value (LIE): 442.5153
Spread: 635.894
Convergence Curve: [403.2361599574845, 404.3813555181965, 416.2945100386747, 416.2945100386747, 416.2945100386747, 416.2945100386747, 416.2945100386747, 416.2945100386747, 416.2945100386747, 416.2945100386747, 416.2945100386747, 416.2945100386747, 419.3865987163344, 422.93191858137203, 424.68137299197235, 424.68137299197235, 426.2641939064609, 429.3333629442716, 433.2619742054886, 433.2619742054886, 433.2619742054886, 433.2619742054886, 433.2619742054886, 433.8974483472273, 433.8974483472273, 433.8974483472273, 433.8974483472273, 433.8974483472273, 433.8974483472273, 433.8974483472273, 433.8974483472273, 435.47556808761925, 435.5621681836474, 435.5621681836474, 435.5621681836474, 435.5621681836474, 435.8959746577082, 435.8959746577082, 435.8959746577082, 435.8959746577082, 435.8959746577082, 435.8959746577082, 435.8959746577082, 435.8959746577082, 435.8959746577082, 435.8959746577082, 435.8959746577082, 435.8959746577082, 435.8959746577082, 435.8959746577082, 435.8959746577082, 435.8959746577082, 435.8959746577082, 435.8959746577082, 435.8959746577082, 435.8959746577082, 435.8959746577082, 435.8959746577082, 435.8959746577082, 435.8959746577082, 435.8959746577082, 435.8959746577082, 435.8959746577082, 435.8959746577082, 435.8959746577082, 435.8959746577082, 435.8959746577082, 435.8959746577082, 435.8959746577082, 435.8959746577082, 435.8959746577082, 435.8959746577082, 435.8959746577082, 436.3750222851596, 436.3750222851596, 436.3750222851596, 436.3750222851596, 436.3750222851596, 436.3750222851596, 436.3750222851596, 436.3750222851596, 436.3750222851596, 436.3750222851596, 439.3896109915934, 439.3896109915934, 439.3896109915934, 439.3896109915934, 439.3896109915934, 439.3896109915934, 439.3896109915934, 439.3896109915934, 442.51525434489247, 442.51525434489247, 442.51525434489247, 442.51525434489247, 442.51525434489247, 442.51525434489247, 442.51525434489247, 442.51525434489247, 442.51525434489247]
Execution Time: 863.0375 seconds

Run 4:
Best Seed Set: [273, 431, 170, 204, 550, 736, 536, 230, 399, 697, 380, 416, 452, 448, 199, 562, 57, 123, 709, 606, 433, 856, 224, 322, 453, 396, 803, 121, 660, 646, 386, 769, 692, 104, 14, 364, 337, 675, 90, 462]
Best Seed Set Cost: 339.7925
Best Fitness Value (LIE): 432.8150
Spread: 626.661
