Algorithm name: CrowSA
Input file: soc-wiki-Vote.mtx
Budget: 350
Number of Nodes: 889
k: 40
Iterations: 100
Search Agents: 50

Run 1:
Best Seed Set: [14, 35, 64, 70, 90, 114, 123, 126, 148, 170, 177, 179, 204, 242, 260, 267, 278, 280, 296, 339, 365, 385, 416, 428, 431, 485, 487, 498, 526, 625, 646, 668, 670, 697, 711, 721, 725, 781, 817, 836]
Best Seed Set Cost: 181.9681
Best Fitness Value (LIE): 265.9720
Spread: 622.428
Convergence Curve: [211.87136010577015, 226.48750558029212, 226.48750558029212, 226.48750558029212, 226.48750558029212, 226.48750558029212, 226.48750558029212, 226.48750558029212, 229.55948783998252, 229.55948783998252, 249.830986007058, 249.830986007058, 249.830986007058, 249.830986007058, 249.830986007058, 249.830986007058, 249.830986007058, 249.830986007058, 249.830986007058, 249.830986007058, 249.830986007058, 249.830986007058, 249.830986007058, 249.830986007058, 249.830986007058, 249.830986007058, 249.830986007058, 249.830986007058, 249.830986007058, 249.830986007058, 249.830986007058, 249.830986007058, 249.830986007058, 249.830986007058, 249.830986007058, 249.830986007058, 249.830986007058, 249.830986007058, 249.830986007058, 250.17753820504757, 250.17753820504757, 250.17753820504757, 250.17753820504757, 250.17753820504757, 250.17753820504757, 250.17753820504757, 250.17753820504757, 250.17753820504757, 250.17753820504757, 250.17753820504757, 250.17753820504757, 251.21832098603056, 265.9720443859888, 265.9720443859888, 265.9720443859888, 265.9720443859888, 265.9720443859888, 265.9720443859888, 265.9720443859888, 265.9720443859888, 265.9720443859888, 265.9720443859888, 265.9720443859888, 265.9720443859888, 265.9720443859888, 265.9720443859888, 265.9720443859888, 265.9720443859888, 265.9720443859888, 265.9720443859888, 265.9720443859888, 265.9720443859888, 265.9720443859888, 265.9720443859888, 265.9720443859888, 265.9720443859888, 265.9720443859888, 265.9720443859888, 265.9720443859888, 265.9720443859888, 265.9720443859888, 265.9720443859888, 265.9720443859888, 265.9720443859888, 265.9720443859888, 265.9720443859888, 265.9720443859888, 265.9720443859888, 265.9720443859888, 265.9720443859888, 265.9720443859888, 265.9720443859888, 265.9720443859888, 265.9720443859888, 265.9720443859888, 265.9720443859888, 265.9720443859888, 265.9720443859888, 265.9720443859888, 265.9720443859888]
Execution Time: 1100.5992 seconds

Run 2:
Best Seed Set: [5, 6, 13, 21, 35, 75, 81, 86, 104, 116, 129, 208, 215, 219, 230, 260, 273, 367, 393, 416, 431, 442, 468, 488, 501, 555, 558, 580, 588, 597, 617, 619, 663, 685, 692, 697, 750, 763, 808, 862]
Best Seed Set Cost: 191.6327
Best Fitness Value (LIE): 274.8731
Spread: 628.684
Convergence Curve: [204.26581442296873, 204.26581442296873, 230.98453185411913, 230.98453185411913, 230.98453185411913, 235.99375398108154, 235.99375398108154, 235.99375398108154, 235.99375398108154, 235.99375398108154, 235.99375398108154, 235.99375398108154, 235.99375398108154, 235.99375398108154, 235.99375398108154, 235.99375398108154, 235.99375398108154, 235.99375398108154, 235.99375398108154, 235.99375398108154, 235.99375398108154, 235.99375398108154, 235.99375398108154, 235.99375398108154, 235.99375398108154, 237.86794254745107, 241.7673537412065, 241.7673537412065, 241.7673537412065, 241.7673537412065, 241.7673537412065, 241.7673537412065, 243.67735508389825, 246.79777600893175, 246.79777600893175, 249.64915046006936, 253.5934899573223, 253.5934899573223, 253.5934899573223, 255.15192398951567, 255.15192398951567, 255.15192398951567, 255.15192398951567, 255.15192398951567, 255.15192398951567, 255.15192398951567, 255.15192398951567, 255.15192398951567, 255.15192398951567, 255.15192398951567, 255.15192398951567, 255.15192398951567, 255.15192398951567, 255.15192398951567, 255.15192398951567, 255.15192398951567, 255.15192398951567, 255.15192398951567, 255.15192398951567, 255.15192398951567, 255.15192398951567, 255.15192398951567, 274.87308179256297, 274.87308179256297, 274.87308179256297, 274.87308179256297, 274.87308179256297, 274.87308179256297, 274.87308179256297, 274.87308179256297, 274.87308179256297, 274.87308179256297, 274.87308179256297, 274.87308179256297, 274.87308179256297, 274.87308179256297, 274.87308179256297, 274.87308179256297, 274.87308179256297, 274.87308179256297, 274.87308179256297, 274.87308179256297, 274.87308179256297, 274.87308179256297, 274.87308179256297, 274.87308179256297, 274.87308179256297, 274.87308179256297, 274.87308179256297, 274.87308179256297, 274.87308179256297, 274.87308179256297, 274.87308179256297, 274.87308179256297, 274.87308179256297, 274.87308179256297, 274.87308179256297, 274.87308179256297, 274.87308179256297, 274.87308179256297]
Execution Time: 1047.2056 seconds

Run 3:
Best Seed Set: [18, 29, 38, 48, 156, 161, 165, 170, 206, 236, 273, 291, 293, 314, 352, 356, 392, 431, 462, 466, 494, 536, 547, 604, 607, 620, 636, 637, 646, 665, 668, 722, 757, 765, 815, 816, 838, 844, 857, 880]
Best Seed Set Cost: 180.0958
Best Fitness Value (LIE): 266.2645
Spread: 617.956
Convergence Curve: [207.991603137456, 210.1945749777468, 210.1945749777468, 216.77521987254937, 216.77521987254937, 216.77521987254937, 216.77521987254937, 222.79519612488008, 222.79519612488008, 222.79519612488008, 222.79519612488008, 229.22996681520274, 229.22996681520274, 229.22996681520274, 229.22996681520274, 229.22996681520274, 229.22996681520274, 229.22996681520274, 229.22996681520274, 229.22996681520274, 229.22996681520274, 237.2133287819413, 237.2133287819413, 237.2133287819413, 237.2133287819413, 237.2133287819413, 237.2133287819413, 237.2133287819413, 237.2133287819413, 248.19532527529867, 248.19532527529867, 248.19532527529867, 254.85496768335213, 254.85496768335213, 254.85496768335213, 254.85496768335213, 254.85496768335213, 254.85496768335213, 254.85496768335213, 254.85496768335213, 254.85496768335213, 254.85496768335213, 254.85496768335213, 254.85496768335213, 254.85496768335213, 254.85496768335213, 254.85496768335213, 254.85496768335213, 254.85496768335213, 254.85496768335213, 258.14165657134373, 258.14165657134373, 266.2645087608721, 266.2645087608721, 266.2645087608721, 266.2645087608721, 266.2645087608721, 266.2645087608721, 266.2645087608721, 266.2645087608721, 266.2645087608721, 266.2645087608721, 266.2645087608721, 266.2645087608721, 266.2645087608721, 266.2645087608721, 266.2645087608721, 266.2645087608721, 266.2645087608721, 266.2645087608721, 266.2645087608721, 266.2645087608721, 266.2645087608721, 266.2645087608721, 266.2645087608721, 266.2645087608721, 266.2645087608721, 266.2645087608721, 266.2645087608721, 266.2645087608721, 266.2645087608721, 266.2645087608721, 266.2645087608721, 266.2645087608721, 266.2645087608721, 266.2645087608721, 266.2645087608721, 266.2645087608721, 266.2645087608721, 266.2645087608721, 266.2645087608721, 266.2645087608721, 266.2645087608721, 266.2645087608721, 266.2645087608721, 266.2645087608721, 266.2645087608721, 266.2645087608721, 266.2645087608721, 266.2645087608721]
Execution Time: 1051.0518 seconds

Run 4:
Best Seed Set: [25, 38, 65, 106, 110, 117, 118, 121, 153, 156, 158, 202, 230, 243, 271, 273, 302, 311, 319, 356, 431, 452, 492, 520, 524, 532, 598, 599, 624, 637, 668, 683, 707, 710, 736, 747, 795, 836, 843, 884]
Best Seed Set Cost: 172.1372
Best Fitness Value (LIE): 265.8917
Spread: 617.118
