Algorithm name: CrowSA
Input file: soc-wiki-Vote.mtx
Budget: 200
Number of Nodes: 889
k: 40
Iterations: 100
Search Agents: 50

Run 1:
Best Seed Set: [6, 22, 26, 27, 59, 78, 82, 84, 119, 133, 151, 170, 176, 288, 318, 323, 356, 374, 391, 399, 431, 458, 461, 533, 536, 545, 586, 596, 628, 634, 690, 697, 702, 794, 797, 809, 825, 831, 837, 876]
Best Seed Set Cost: 177.8801
Best Fitness Value (LIE): 271.1465
Spread: 627.01
Convergence Curve: [203.0138098731881, 204.48603549899005, 209.7314482969612, 209.7314482969612, 209.7314482969612, 209.7314482969612, 209.7314482969612, 217.13499561487754, 217.13499561487754, 217.315131836667, 223.50959084772933, 231.30245751236723, 233.15125798136035, 233.15125798136035, 233.15125798136035, 233.15125798136035, 233.15125798136035, 233.15125798136035, 233.15125798136035, 233.15125798136035, 233.15125798136035, 233.15125798136035, 261.4308991928469, 261.4308991928469, 261.4308991928469, 261.4308991928469, 261.4308991928469, 261.4308991928469, 261.4308991928469, 261.4308991928469, 261.4308991928469, 261.4308991928469, 261.4308991928469, 261.4308991928469, 261.4308991928469, 261.4308991928469, 261.4308991928469, 261.4308991928469, 261.4308991928469, 261.4308991928469, 261.4308991928469, 261.4308991928469, 261.4308991928469, 261.4308991928469, 261.4308991928469, 261.4308991928469, 261.4308991928469, 261.4308991928469, 261.4308991928469, 261.4308991928469, 261.4308991928469, 261.4308991928469, 261.4308991928469, 261.4308991928469, 261.4308991928469, 261.4308991928469, 261.4308991928469, 261.4308991928469, 261.4308991928469, 261.4308991928469, 261.4308991928469, 261.4308991928469, 261.4308991928469, 261.4308991928469, 271.146519296553, 271.146519296553, 271.146519296553, 271.146519296553, 271.146519296553, 271.146519296553, 271.146519296553, 271.146519296553, 271.146519296553, 271.146519296553, 271.146519296553, 271.146519296553, 271.146519296553, 271.146519296553, 271.146519296553, 271.146519296553, 271.146519296553, 271.146519296553, 271.146519296553, 271.146519296553, 271.146519296553, 271.146519296553, 271.146519296553, 271.146519296553, 271.146519296553, 271.146519296553, 271.146519296553, 271.146519296553, 271.146519296553, 271.146519296553, 271.146519296553, 271.146519296553, 271.146519296553, 271.146519296553, 271.146519296553, 271.146519296553]
Execution Time: 1046.3399 seconds

Run 2:
Best Seed Set: [8, 72, 98, 155, 168, 170, 175, 213, 218, 252, 259, 266, 270, 273, 304, 404, 416, 430, 431, 495, 513, 515, 542, 553, 654, 657, 661, 672, 695, 702, 727, 749, 767, 800, 802, 818, 831, 835, 855, 885]
Best Seed Set Cost: 178.8664
Best Fitness Value (LIE): 272.0748
Spread: 633.075
Convergence Curve: [217.40375907753153, 223.15401540493073, 224.30103566362305, 224.30103566362305, 224.30103566362305, 224.30103566362305, 224.30103566362305, 224.30103566362305, 224.30103566362305, 224.30103566362305, 224.30103566362305, 224.30103566362305, 224.30103566362305, 224.30103566362305, 240.07328793605404, 240.07328793605404, 240.07328793605404, 240.07328793605404, 240.07328793605404, 240.07328793605404, 240.07328793605404, 240.07328793605404, 240.07328793605404, 240.07328793605404, 240.07328793605404, 240.07328793605404, 240.07328793605404, 240.07328793605404, 240.07328793605404, 245.99168062348767, 245.99168062348767, 245.99168062348767, 245.99168062348767, 245.99168062348767, 245.99168062348767, 245.99168062348767, 245.99168062348767, 245.99168062348767, 245.99168062348767, 245.99168062348767, 245.99168062348767, 245.99168062348767, 245.99168062348767, 245.99168062348767, 245.99168062348767, 245.99168062348767, 245.99168062348767, 245.99168062348767, 245.99168062348767, 245.99168062348767, 245.99168062348767, 245.99168062348767, 245.99168062348767, 245.99168062348767, 245.99168062348767, 245.99168062348767, 272.07478982291286, 272.07478982291286, 272.07478982291286, 272.07478982291286, 272.07478982291286, 272.07478982291286, 272.07478982291286, 272.07478982291286, 272.07478982291286, 272.07478982291286, 272.07478982291286, 272.07478982291286, 272.07478982291286, 272.07478982291286, 272.07478982291286, 272.07478982291286, 272.07478982291286, 272.07478982291286, 272.07478982291286, 272.07478982291286, 272.07478982291286, 272.07478982291286, 272.07478982291286, 272.07478982291286, 272.07478982291286, 272.07478982291286, 272.07478982291286, 272.07478982291286, 272.07478982291286, 272.07478982291286, 272.07478982291286, 272.07478982291286, 272.07478982291286, 272.07478982291286, 272.07478982291286, 272.07478982291286, 272.07478982291286, 272.07478982291286, 272.07478982291286, 272.07478982291286, 272.07478982291286, 272.07478982291286, 272.07478982291286, 272.07478982291286]
Execution Time: 1038.9946 seconds

Run 3:
Best Seed Set: [70, 93, 118, 123, 132, 145, 163, 166, 170, 173, 180, 183, 189, 195, 210, 252, 273, 280, 283, 295, 322, 347, 365, 386, 416, 428, 431, 458, 469, 472, 603, 672, 725, 738, 767, 771, 776, 788, 803, 859]
Best Seed Set Cost: 194.8952
Best Fitness Value (LIE): 265.8103
Spread: 622.827
Convergence Curve: [215.48419580693206, 215.48419580693206, 215.48419580693206, 215.48419580693206, 229.73359479767677, 229.73359479767677, 229.73359479767677, 229.73359479767677, 229.73359479767677, 229.73359479767677, 229.73359479767677, 229.73359479767677, 229.73359479767677, 229.73359479767677, 229.73359479767677, 229.73359479767677, 229.73359479767677, 229.73359479767677, 229.73359479767677, 229.73359479767677, 229.73359479767677, 229.73359479767677, 229.73359479767677, 236.7713680807066, 236.7713680807066, 236.7713680807066, 236.7713680807066, 236.7713680807066, 236.7713680807066, 236.7713680807066, 236.7713680807066, 236.7713680807066, 236.7713680807066, 236.7713680807066, 236.7713680807066, 236.7713680807066, 236.7713680807066, 236.7713680807066, 256.3545429430297, 256.3545429430297, 256.3545429430297, 256.3545429430297, 256.3545429430297, 256.3545429430297, 256.3545429430297, 256.3545429430297, 265.6668792364998, 265.6668792364998, 265.6668792364998, 265.6668792364998, 265.6668792364998, 265.6668792364998, 265.6668792364998, 265.6668792364998, 265.6668792364998, 265.6668792364998, 265.6668792364998, 265.6668792364998, 265.6668792364998, 265.6668792364998, 265.6668792364998, 265.6668792364998, 265.6668792364998, 265.6668792364998, 265.6668792364998, 265.6668792364998, 265.6668792364998, 265.6668792364998, 265.6668792364998, 265.6668792364998, 265.6668792364998, 265.6668792364998, 265.6668792364998, 265.6668792364998, 265.6668792364998, 265.6668792364998, 265.6668792364998, 265.6668792364998, 265.6668792364998, 265.6668792364998, 265.8102716547658, 265.8102716547658, 265.8102716547658, 265.8102716547658, 265.8102716547658, 265.8102716547658, 265.8102716547658, 265.8102716547658, 265.8102716547658, 265.8102716547658, 265.8102716547658, 265.8102716547658, 265.8102716547658, 265.8102716547658, 265.8102716547658, 265.8102716547658, 265.8102716547658, 265.8102716547658, 265.8102716547658, 265.8102716547658]
Execution Time: 1042.3031 seconds

Run 4:
Best Seed Set: [13, 14, 19, 39, 103, 121, 147, 163, 170, 179, 229, 234, 287, 296, 353, 358, 362, 372, 389, 431, 447, 482, 522, 531, 630, 646, 648, 665, 666, 670, 682, 690, 762, 763, 769, 795, 828, 840, 885, 889]
Best Seed Set Cost: 172.8974
Best Fitness Value (LIE): 271.1152
Spread: 631.064
Convergence Curve: [226.69028601483498, 226.69028601483498, 226.69028601483498, 230.17274037844678, 230.17274037844678, 230.17274037844678, 234.38118960714357, 234.38118960714357, 234.38118960714357, 234.38118960714357, 234.38118960714357, 234.38118960714357, 234.38118960714357, 234.38118960714357, 240.8348868322505, 240.8348868322505, 240.8348868322505, 240.8348868322505, 240.8348868322505, 240.8348868322505, 240.8348868322505, 240.8348868322505, 240.8348868322505, 240.8348868322505, 240.8348868322505, 240.8348868322505, 240.8348868322505, 255.75415468682687, 255.75415468682687, 255.75415468682687, 255.75415468682687, 255.75415468682687, 255.75415468682687, 255.75415468682687, 255.75415468682687, 255.75415468682687, 255.75415468682687, 255.75415468682687, 255.75415468682687, 255.75415468682687, 255.75415468682687, 255.75415468682687, 255.75415468682687, 255.75415468682687, 255.75415468682687, 255.75415468682687, 255.75415468682687, 255.75415468682687, 255.85710558173193, 255.85710558173193, 255.85710558173193, 255.85710558173193, 264.96895932576814, 264.96895932576814, 264.96895932576814, 264.96895932576814, 264.96895932576814, 264.96895932576814, 264.96895932576814, 264.96895932576814, 264.96895932576814, 264.96895932576814, 264.96895932576814, 264.96895932576814, 264.96895932576814, 264.96895932576814, 264.96895932576814, 264.96895932576814, 264.96895932576814, 264.96895932576814, 271.1151959175649, 271.1151959175649, 271.1151959175649, 271.1151959175649, 271.1151959175649, 271.1151959175649, 271.1151959175649, 271.1151959175649, 271.1151959175649, 271.1151959175649, 271.1151959175649, 271.1151959175649, 271.1151959175649, 271.1151959175649, 271.1151959175649, 271.1151959175649, 271.1151959175649, 271.1151959175649, 271.1151959175649, 271.1151959175649, 271.1151959175649, 271.1151959175649, 271.1151959175649, 271.1151959175649, 271.1151959175649, 271.1151959175649, 271.1151959175649, 271.1151959175649, 271.1151959175649, 271.1151959175649]
Execution Time: 1048.7210 seconds

Run 5:
Best Seed Set: [28, 37, 64, 86, 88, 90, 94, 163, 224, 226, 240, 273, 357, 367, 371, 375, 431, 436, 476, 487, 496, 499, 511, 536, 539, 551, 554, 586, 656, 677, 697, 709, 710, 743, 775, 786, 807, 872, 886, 888]
Best Seed Set Cost: 177.0933
Best Fitness Value (LIE): 263.6196
Spread: 616.249
Convergence Curve: [221.73442387238035, 221.73442387238035, 225.57070648825405, 225.57070648825405, 225.57070648825405, 225.57070648825405, 225.57070648825405, 225.57070648825405, 225.57070648825405, 225.57070648825405, 225.57070648825405, 225.57070648825405, 225.57070648825405, 248.30003669059397, 248.30003669059397, 248.30003669059397, 248.30003669059397, 248.30003669059397, 248.30003669059397, 248.30003669059397, 249.1392722232014, 249.1392722232014, 249.1392722232014, 249.1392722232014, 249.1392722232014, 249.1392722232014, 249.1392722232014, 249.1392722232014, 249.1392722232014, 249.1392722232014, 249.1392722232014, 249.1392722232014, 249.1392722232014, 249.1392722232014, 249.1392722232014, 249.1392722232014, 249.1392722232014, 249.1392722232014, 249.1392722232014, 249.1392722232014, 249.1392722232014, 249.1392722232014, 249.1392722232014, 249.1392722232014, 249.1392722232014, 249.1392722232014, 249.1392722232014, 249.1392722232014, 249.1392722232014, 249.1392722232014, 249.1392722232014, 249.1392722232014, 249.1392722232014, 250.42784076370543, 250.42784076370543, 250.42784076370543, 253.4713916565654, 253.4713916565654, 253.4713916565654, 253.4713916565654, 263.6195905035666, 263.6195905035666, 263.6195905035666, 263.6195905035666, 263.6195905035666, 263.6195905035666, 263.6195905035666, 263.6195905035666, 263.6195905035666, 263.6195905035666, 263.6195905035666, 263.6195905035666, 263.6195905035666, 263.6195905035666, 263.6195905035666, 263.6195905035666, 263.6195905035666, 263.6195905035666, 263.6195905035666, 263.6195905035666, 263.6195905035666, 263.6195905035666, 263.6195905035666, 263.6195905035666, 263.6195905035666, 263.6195905035666, 263.6195905035666, 263.6195905035666, 263.6195905035666, 263.6195905035666, 263.6195905035666, 263.6195905035666, 263.6195905035666, 263.6195905035666, 263.6195905035666, 263.6195905035666, 263.6195905035666, 263.6195905035666, 263.6195905035666, 263.6195905035666]
Execution Time: 1033.2077 seconds

Run 6:
Best Seed Set: [56, 57, 69, 120, 153, 159, 168, 170, 198, 204, 207, 214, 256, 269, 273, 289, 314, 328, 347, 414, 431, 450, 476, 497, 499, 535, 544, 547, 562, 568, 578, 621, 709, 767, 776, 803, 840, 846, 851, 871]
Best Seed Set Cost: 190.3529
Best Fitness Value (LIE): 270.3873
Spread: 622.745
Convergence Curve: [248.20551546180585, 248.20551546180585, 248.20551546180585, 248.20551546180585, 248.20551546180585, 248.20551546180585, 248.20551546180585, 248.20551546180585, 248.20551546180585, 248.20551546180585, 248.20551546180585, 248.20551546180585, 248.20551546180585, 248.20551546180585, 248.20551546180585, 248.20551546180585, 248.20551546180585, 248.20551546180585, 248.20551546180585, 248.20551546180585, 248.20551546180585, 248.20551546180585, 248.20551546180585, 248.20551546180585, 248.20551546180585, 248.20551546180585, 248.20551546180585, 248.20551546180585, 248.20551546180585, 248.20551546180585, 248.20551546180585, 248.20551546180585, 248.20551546180585, 248.20551546180585, 248.20551546180585, 248.20551546180585, 248.20551546180585, 248.20551546180585, 248.20551546180585, 248.20551546180585, 248.20551546180585, 248.20551546180585, 248.68368343448557, 248.68368343448557, 248.68368343448557, 255.86241856320166, 255.86241856320166, 255.86241856320166, 266.8305543107806, 266.8305543107806, 266.8305543107806, 266.8305543107806, 266.8305543107806, 266.8305543107806, 266.8305543107806, 266.8305543107806, 266.8305543107806, 266.8305543107806, 266.8305543107806, 266.8305543107806, 266.8305543107806, 266.8305543107806, 266.8305543107806, 266.8305543107806, 266.8305543107806, 266.8305543107806, 266.8305543107806, 266.8305543107806, 266.8305543107806, 266.8305543107806, 266.8305543107806, 266.8305543107806, 266.8305543107806, 270.38726702306803, 270.38726702306803, 270.38726702306803, 270.38726702306803, 270.38726702306803, 270.38726702306803, 270.38726702306803, 270.38726702306803, 270.38726702306803, 270.38726702306803, 270.38726702306803, 270.38726702306803, 270.38726702306803, 270.38726702306803, 270.38726702306803, 270.38726702306803, 270.38726702306803, 270.38726702306803, 270.38726702306803, 270.38726702306803, 270.38726702306803, 270.38726702306803, 270.38726702306803, 270.38726702306803, 270.38726702306803, 270.38726702306803, 270.38726702306803]
Execution Time: 841.8670 seconds

Run 7:
Best Seed Set: [30, 50, 57, 112, 118, 150, 170, 178, 203, 204, 217, 219, 232, 234, 239, 247, 248, 273, 342, 344, 384, 413, 427, 431, 439, 456, 492, 500, 545, 551, 553, 561, 590, 657, 682, 717, 730, 733, 797, 816]
Best Seed Set Cost: 182.3852
Best Fitness Value (LIE): 267.2269
Spread: 627.718
Convergence Curve: [217.62606998867855, 235.28436714018494, 235.28436714018494, 235.28436714018494, 235.28436714018494, 235.28436714018494, 235.28436714018494, 235.28436714018494, 235.28436714018494, 235.28436714018494, 235.28436714018494, 235.28436714018494, 235.28436714018494, 235.28436714018494, 235.28436714018494, 235.28436714018494, 235.28436714018494, 235.28436714018494, 235.28436714018494, 235.28436714018494, 235.28436714018494, 235.28436714018494, 235.28436714018494, 235.28436714018494, 251.91856291837956, 251.91856291837956, 251.91856291837956, 251.91856291837956, 251.91856291837956, 251.91856291837956, 251.91856291837956, 251.91856291837956, 251.91856291837956, 251.91856291837956, 251.91856291837956, 256.0597657728154, 256.0597657728154, 256.0597657728154, 256.0597657728154, 256.0597657728154, 256.0597657728154, 256.0597657728154, 256.0597657728154, 256.0597657728154, 256.92190327689605, 256.92190327689605, 256.92190327689605, 256.92190327689605, 256.92190327689605, 260.73679895402375, 260.73679895402375, 260.73679895402375, 260.73679895402375, 260.73679895402375, 260.73679895402375, 260.73679895402375, 260.73679895402375, 260.73679895402375, 260.73679895402375, 260.73679895402375, 260.73679895402375, 260.73679895402375, 260.73679895402375, 260.73679895402375, 260.73679895402375, 260.73679895402375, 260.73679895402375, 260.73679895402375, 265.538427774253, 265.538427774253, 265.538427774253, 265.538427774253, 265.538427774253, 265.538427774253, 265.538427774253, 265.538427774253, 265.538427774253, 265.538427774253, 265.538427774253, 265.538427774253, 265.538427774253, 265.538427774253, 267.22686291544846, 267.22686291544846, 267.22686291544846, 267.22686291544846, 267.22686291544846, 267.22686291544846, 267.22686291544846, 267.22686291544846, 267.22686291544846, 267.22686291544846, 267.22686291544846, 267.22686291544846, 267.22686291544846, 267.22686291544846, 267.22686291544846, 267.22686291544846, 267.22686291544846, 267.22686291544846]
Execution Time: 696.2585 seconds

Run 8:
Best Seed Set: [22, 26, 42, 53, 80, 119, 120, 170, 179, 182, 194, 195, 273, 306, 328, 370, 399, 408, 431, 443, 444, 481, 497, 537, 550, 578, 631, 662, 666, 692, 700, 702, 735, 760, 762, 793, 815, 850, 882, 884]
Best Seed Set Cost: 196.2917
Best Fitness Value (LIE): 289.4715
Spread: 636.766
Convergence Curve: [215.53743394779167, 215.53743394779167, 215.53743394779167, 240.0581021335753, 240.0581021335753, 240.0581021335753, 240.0581021335753, 240.0581021335753, 240.0581021335753, 240.0581021335753, 240.0581021335753, 240.0581021335753, 240.0581021335753, 240.0581021335753, 240.0581021335753, 240.0581021335753, 240.0581021335753, 240.0581021335753, 240.0581021335753, 240.0581021335753, 240.0581021335753, 240.0581021335753, 240.0581021335753, 240.0581021335753, 247.25881801997915, 247.25881801997915, 247.25881801997915, 247.25881801997915, 247.25881801997915, 247.25881801997915, 247.25881801997915, 247.25881801997915, 247.25881801997915, 247.25881801997915, 247.25881801997915, 247.25881801997915, 247.25881801997915, 247.25881801997915, 247.25881801997915, 247.25881801997915, 258.96058888362285, 258.96058888362285, 258.96058888362285, 258.96058888362285, 258.96058888362285, 274.26117299579766, 274.26117299579766, 274.26117299579766, 274.26117299579766, 274.26117299579766, 274.26117299579766, 274.26117299579766, 274.26117299579766, 274.26117299579766, 274.26117299579766, 274.26117299579766, 274.26117299579766, 274.26117299579766, 274.26117299579766, 274.26117299579766, 274.26117299579766, 274.26117299579766, 274.26117299579766, 274.26117299579766, 274.26117299579766, 274.26117299579766, 274.26117299579766, 274.26117299579766, 274.26117299579766, 274.26117299579766, 274.26117299579766, 274.26117299579766, 274.26117299579766, 274.26117299579766, 289.47154572898523, 289.47154572898523, 289.47154572898523, 289.47154572898523, 289.47154572898523, 289.47154572898523, 289.47154572898523, 289.47154572898523, 289.47154572898523, 289.47154572898523, 289.47154572898523, 289.47154572898523, 289.47154572898523, 289.47154572898523, 289.47154572898523, 289.47154572898523, 289.47154572898523, 289.47154572898523, 289.47154572898523, 289.47154572898523, 289.47154572898523, 289.47154572898523, 289.47154572898523, 289.47154572898523, 289.47154572898523, 289.47154572898523]
Execution Time: 554.9462 seconds

Run 9:
Best Seed Set: [11, 21, 53, 68, 96, 145, 170, 180, 215, 229, 233, 239, 282, 327, 368, 373, 381, 431, 445, 446, 462, 536, 558, 581, 587, 593, 617, 619, 628, 646, 697, 704, 710, 741, 761, 798, 800, 812, 833, 867]
Best Seed Set Cost: 167.0466
Best Fitness Value (LIE): 260.8084
Spread: 615.596
Convergence Curve: [208.80290483621283, 211.3628774114922, 214.31480436510233, 215.1871889046684, 221.0569567337241, 221.0569567337241, 222.30007686260322, 222.30007686260322, 222.30007686260322, 222.30007686260322, 222.30007686260322, 222.30007686260322, 222.30007686260322, 222.30007686260322, 222.30007686260322, 243.20174632406344, 243.20174632406344, 243.20174632406344, 243.20174632406344, 243.20174632406344, 243.20174632406344, 243.20174632406344, 243.20174632406344, 243.20174632406344, 243.20174632406344, 243.20174632406344, 243.20174632406344, 243.20174632406344, 243.20174632406344, 254.21440033475523, 254.21440033475523, 254.21440033475523, 254.21440033475523, 254.21440033475523, 254.21440033475523, 254.21440033475523, 254.21440033475523, 254.21440033475523, 254.21440033475523, 254.21440033475523, 254.21440033475523, 254.21440033475523, 254.21440033475523, 254.21440033475523, 254.21440033475523, 254.21440033475523, 254.21440033475523, 254.21440033475523, 254.21440033475523, 254.21440033475523, 254.21440033475523, 254.21440033475523, 254.21440033475523, 254.21440033475523, 254.21440033475523, 254.21440033475523, 254.21440033475523, 254.21440033475523, 254.21440033475523, 254.21440033475523, 254.21440033475523, 254.21440033475523, 254.21440033475523, 254.21440033475523, 254.21440033475523, 254.21440033475523, 255.82220018962508, 255.82220018962508, 255.82220018962508, 255.82220018962508, 255.82220018962508, 255.82220018962508, 255.82220018962508, 255.82220018962508, 255.82220018962508, 255.82220018962508, 255.82220018962508, 255.82220018962508, 255.82220018962508, 255.82220018962508, 255.82220018962508, 255.82220018962508, 255.82220018962508, 255.82220018962508, 255.82220018962508, 255.82220018962508, 255.82220018962508, 255.82220018962508, 255.82220018962508, 255.82220018962508, 255.82220018962508, 255.82220018962508, 255.82220018962508, 255.82220018962508, 255.82220018962508, 260.80837422778734, 260.80837422778734, 260.80837422778734, 260.80837422778734, 260.80837422778734]
Execution Time: 766.3684 seconds

Run 10:
Best Seed Set: [5, 6, 13, 20, 30, 57, 69, 120, 125, 170, 222, 294, 303, 356, 389, 431, 455, 486, 488, 530, 535, 564, 573, 579, 584, 605, 636, 637, 659, 662, 679, 681, 707, 736, 762, 766, 768, 769, 790, 867]
Best Seed Set Cost: 172.1601
Best Fitness Value (LIE): 263.6911
Spread: 625.012
Convergence Curve: [226.40455217945188, 231.0619709475082, 231.0619709475082, 231.0619709475082, 254.976521819392, 254.976521819392, 254.976521819392, 254.976521819392, 254.976521819392, 254.976521819392, 254.976521819392, 254.976521819392, 254.976521819392, 254.976521819392, 254.976521819392, 254.976521819392, 254.976521819392, 254.976521819392, 254.976521819392, 254.976521819392, 254.976521819392, 254.976521819392, 254.976521819392, 254.976521819392, 254.976521819392, 254.976521819392, 254.976521819392, 254.976521819392, 254.976521819392, 254.976521819392, 254.976521819392, 254.976521819392, 254.976521819392, 254.976521819392, 254.976521819392, 254.976521819392, 254.976521819392, 254.976521819392, 254.976521819392, 254.976521819392, 254.976521819392, 254.976521819392, 254.976521819392, 254.976521819392, 254.976521819392, 254.976521819392, 254.976521819392, 256.4398388664772, 256.4398388664772, 256.4398388664772, 256.4398388664772, 256.4398388664772, 256.4398388664772, 256.4398388664772, 256.4398388664772, 256.4398388664772, 256.4398388664772, 256.4398388664772, 256.4398388664772, 256.4398388664772, 263.69112989094197, 263.69112989094197, 263.69112989094197, 263.69112989094197, 263.69112989094197, 263.69112989094197, 263.69112989094197, 263.69112989094197, 263.69112989094197, 263.69112989094197, 263.69112989094197, 263.69112989094197, 263.69112989094197, 263.69112989094197, 263.69112989094197, 263.69112989094197, 263.69112989094197, 263.69112989094197, 263.69112989094197, 263.69112989094197, 263.69112989094197, 263.69112989094197, 263.69112989094197, 263.69112989094197, 263.69112989094197, 263.69112989094197, 263.69112989094197, 263.69112989094197, 263.69112989094197, 263.69112989094197, 263.69112989094197, 263.69112989094197, 263.69112989094197, 263.69112989094197, 263.69112989094197, 263.69112989094197, 263.69112989094197, 263.69112989094197, 263.69112989094197, 263.69112989094197]
Execution Time: 1010.1616 seconds

