Algorithm name: CrowSA
Input file: soc-wiki-Vote.mtx
Budget: 200
Number of Nodes: 889
k: 50
Iterations: 100
Search Agents: 50

Run 1:
Best Seed Set: [2, 31, 70, 74, 80, 88, 109, 166, 170, 210, 217, 235, 245, 273, 293, 297, 302, 346, 356, 367, 417, 421, 431, 473, 507, 510, 523, 527, 532, 547, 550, 558, 584, 618, 650, 660, 661, 670, 684, 714, 733, 748, 763, 776, 790, 793, 813, 846, 865, 889]
Best Seed Set Cost: 196.0368
Best Fitness Value (LIE): 295.6732
Spread: 623.654
Convergence Curve: [276.1533998053154, 276.1533998053154, 276.1533998053154, 276.1533998053154, 276.1533998053154, 276.1533998053154, 278.9606414692906, 278.9606414692906, 278.9606414692906, 278.9606414692906, 278.9606414692906, 278.9606414692906, 278.9606414692906, 278.9606414692906, 278.9606414692906, 278.9606414692906, 278.9606414692906, 278.9606414692906, 278.9606414692906, 278.9606414692906, 278.9606414692906, 278.9606414692906, 278.9606414692906, 278.9606414692906, 278.9606414692906, 281.3332847971906, 281.3332847971906, 281.3332847971906, 281.3332847971906, 285.210054161758, 285.210054161758, 285.210054161758, 285.210054161758, 285.210054161758, 285.210054161758, 285.210054161758, 285.210054161758, 285.210054161758, 285.5710857026581, 285.5710857026581, 285.5710857026581, 295.673185581259, 295.673185581259, 295.673185581259, 295.673185581259, 295.673185581259, 295.673185581259, 295.673185581259, 295.673185581259, 295.673185581259, 295.673185581259, 295.673185581259, 295.673185581259, 295.673185581259, 295.673185581259, 295.673185581259, 295.673185581259, 295.673185581259, 295.673185581259, 295.673185581259, 295.673185581259, 295.673185581259, 295.673185581259, 295.673185581259, 295.673185581259, 295.673185581259, 295.673185581259, 295.673185581259, 295.673185581259, 295.673185581259, 295.673185581259, 295.673185581259, 295.673185581259, 295.673185581259, 295.673185581259, 295.673185581259, 295.673185581259, 295.673185581259, 295.673185581259, 295.673185581259, 295.673185581259, 295.673185581259, 295.673185581259, 295.673185581259, 295.673185581259, 295.673185581259, 295.673185581259, 295.673185581259, 295.673185581259, 295.673185581259, 295.673185581259, 295.673185581259, 295.673185581259, 295.673185581259, 295.673185581259, 295.673185581259, 295.673185581259, 295.673185581259, 295.673185581259, 295.673185581259]
Execution Time: 1315.5095 seconds

Run 2:
Best Seed Set: [24, 49, 56, 61, 95, 120, 125, 127, 147, 167, 170, 177, 182, 198, 225, 230, 233, 267, 285, 301, 306, 319, 336, 415, 431, 447, 453, 488, 491, 515, 523, 551, 557, 564, 573, 645, 662, 687, 691, 738, 739, 751, 765, 800, 806, 817, 819, 830, 843, 865]
Best Seed Set Cost: 197.9638
Best Fitness Value (LIE): 299.5840
Spread: 621.288
Convergence Curve: [229.82522831054246, 269.5499521027738, 269.5499521027738, 269.5499521027738, 269.5499521027738, 269.5499521027738, 269.5499521027738, 269.5499521027738, 269.5499521027738, 269.5499521027738, 269.5499521027738, 269.5499521027738, 269.5499521027738, 269.5499521027738, 269.5499521027738, 269.5499521027738, 269.5499521027738, 269.5499521027738, 269.5499521027738, 269.5499521027738, 269.5499521027738, 269.5499521027738, 269.5499521027738, 271.88384755074105, 271.88384755074105, 271.88384755074105, 271.9536125887653, 271.9536125887653, 271.9536125887653, 271.9536125887653, 271.9536125887653, 275.65317227823664, 275.65317227823664, 275.65317227823664, 275.65317227823664, 275.65317227823664, 275.65317227823664, 275.65317227823664, 275.65317227823664, 275.65317227823664, 275.65317227823664, 275.65317227823664, 286.0116262353581, 286.0116262353581, 286.0116262353581, 286.0116262353581, 286.0116262353581, 286.0116262353581, 286.0116262353581, 286.0116262353581, 286.0116262353581, 286.0116262353581, 286.0116262353581, 286.0116262353581, 286.0116262353581, 286.0116262353581, 286.0116262353581, 286.0116262353581, 286.0116262353581, 286.0116262353581, 286.0116262353581, 286.0116262353581, 286.0116262353581, 286.0116262353581, 286.0116262353581, 286.0116262353581, 286.0116262353581, 286.0116262353581, 286.0116262353581, 286.0116262353581, 286.0116262353581, 286.0116262353581, 286.0116262353581, 286.0116262353581, 286.0116262353581, 286.0116262353581, 286.0116262353581, 286.0116262353581, 286.0116262353581, 286.0116262353581, 286.0116262353581, 286.0116262353581, 286.0116262353581, 286.0116262353581, 286.0116262353581, 299.5840184416033, 299.5840184416033, 299.5840184416033, 299.5840184416033, 299.5840184416033, 299.5840184416033, 299.5840184416033, 299.5840184416033, 299.5840184416033, 299.5840184416033, 299.5840184416033, 299.5840184416033, 299.5840184416033, 299.5840184416033, 299.5840184416033]
Execution Time: 1287.8913 seconds

Run 3:
Best Seed Set: [5, 29, 39, 54, 58, 59, 123, 154, 170, 212, 223, 243, 245, 273, 295, 313, 326, 329, 340, 354, 398, 408, 452, 465, 502, 534, 547, 550, 565, 568, 578, 585, 593, 596, 617, 646, 655, 664, 673, 707, 712, 721, 722, 822, 825, 831, 843, 865, 868, 874]
Best Seed Set Cost: 195.4932
Best Fitness Value (LIE): 293.5670
Spread: 622.756
Convergence Curve: [255.53901755802326, 255.53901755802326, 255.53901755802326, 255.53901755802326, 255.53901755802326, 255.53901755802326, 255.53901755802326, 255.53901755802326, 255.53901755802326, 255.53901755802326, 255.53901755802326, 255.53901755802326, 255.53901755802326, 255.53901755802326, 255.53901755802326, 255.53901755802326, 278.3745732336173, 278.3745732336173, 278.3745732336173, 278.3745732336173, 278.3745732336173, 278.3745732336173, 278.3745732336173, 278.3745732336173, 278.3745732336173, 278.3745732336173, 278.3745732336173, 278.3745732336173, 278.3745732336173, 278.3745732336173, 278.3745732336173, 278.3745732336173, 278.3745732336173, 278.3745732336173, 278.3745732336173, 278.3745732336173, 278.3745732336173, 278.3745732336173, 278.3745732336173, 278.3745732336173, 278.3745732336173, 278.3745732336173, 278.3745732336173, 278.3745732336173, 278.3745732336173, 278.3745732336173, 280.4715900726454, 280.4715900726454, 280.4715900726454, 280.4715900726454, 280.4715900726454, 280.4715900726454, 280.4715900726454, 280.4715900726454, 280.4715900726454, 280.4715900726454, 280.4715900726454, 284.8986362307017, 284.8986362307017, 284.8986362307017, 284.8986362307017, 284.8986362307017, 284.8986362307017, 284.8986362307017, 293.567024261605, 293.567024261605, 293.567024261605, 293.567024261605, 293.567024261605, 293.567024261605, 293.567024261605, 293.567024261605, 293.567024261605, 293.567024261605, 293.567024261605, 293.567024261605, 293.567024261605, 293.567024261605, 293.567024261605, 293.567024261605, 293.567024261605, 293.567024261605, 293.567024261605, 293.567024261605, 293.567024261605, 293.567024261605, 293.567024261605, 293.567024261605, 293.567024261605, 293.567024261605, 293.567024261605, 293.567024261605, 293.567024261605, 293.567024261605, 293.567024261605, 293.567024261605, 293.567024261605, 293.567024261605, 293.567024261605, 293.567024261605]
Execution Time: 1275.3073 seconds

Run 4:
Best Seed Set: [8, 28, 56, 68, 115, 126, 129, 137, 148, 156, 174, 192, 199, 212, 220, 258, 278, 292, 301, 311, 315, 380, 399, 431, 474, 484, 498, 499, 506, 522, 550, 551, 553, 573, 595, 647, 652, 700, 720, 726, 727, 748, 757, 762, 781, 785, 818, 828, 845, 863]
Best Seed Set Cost: 196.8659
Best Fitness Value (LIE): 296.0403
Spread: 619.796
Convergence Curve: [263.4755215886794, 263.4755215886794, 277.31870965314346, 277.31870965314346, 277.31870965314346, 277.31870965314346, 277.31870965314346, 277.31870965314346, 277.31870965314346, 277.31870965314346, 277.31870965314346, 277.31870965314346, 277.31870965314346, 277.31870965314346, 279.91988134011353, 279.91988134011353, 279.91988134011353, 279.91988134011353, 279.91988134011353, 279.91988134011353, 279.91988134011353, 279.91988134011353, 279.91988134011353, 279.91988134011353, 279.91988134011353, 279.91988134011353, 279.91988134011353, 279.91988134011353, 279.91988134011353, 279.91988134011353, 279.91988134011353, 280.3228704038106, 280.3228704038106, 280.3228704038106, 280.3228704038106, 280.3228704038106, 280.3228704038106, 280.3228704038106, 280.3228704038106, 280.3228704038106, 280.3228704038106, 280.3228704038106, 280.3228704038106, 280.3228704038106, 280.3228704038106, 280.3228704038106, 280.3228704038106, 280.3228704038106, 280.3228704038106, 280.3228704038106, 280.3228704038106, 280.3228704038106, 280.3228704038106, 280.3228704038106, 280.3228704038106, 280.3228704038106, 280.3228704038106, 280.3228704038106, 280.3228704038106, 287.2904793252288, 287.2904793252288, 287.2904793252288, 287.2904793252288, 287.2904793252288, 287.2904793252288, 287.2904793252288, 287.2904793252288, 287.2904793252288, 287.2904793252288, 287.2904793252288, 287.2904793252288, 287.2904793252288, 287.2904793252288, 287.2904793252288, 287.2904793252288, 287.2904793252288, 287.2904793252288, 287.2904793252288, 296.0402528527072, 296.0402528527072, 296.0402528527072, 296.0402528527072, 296.0402528527072, 296.0402528527072, 296.0402528527072, 296.0402528527072, 296.0402528527072, 296.0402528527072, 296.0402528527072, 296.0402528527072, 296.0402528527072, 296.0402528527072, 296.0402528527072, 296.0402528527072, 296.0402528527072, 296.0402528527072, 296.0402528527072, 296.0402528527072, 296.0402528527072, 296.0402528527072]
Execution Time: 1280.8909 seconds

Run 5:
Best Seed Set: [3, 21, 27, 50, 63, 71, 75, 87, 157, 170, 184, 194, 198, 241, 253, 277, 283, 316, 329, 337, 380, 416, 422, 431, 452, 470, 482, 485, 520, 553, 584, 595, 628, 673, 688, 697, 716, 722, 747, 753, 762, 770, 781, 785, 793, 831, 838, 862, 876, 877]
Best Seed Set Cost: 190.9781
Best Fitness Value (LIE): 294.8831
Spread: 630.239
Convergence Curve: [243.9007539631659, 279.1080031918019, 279.1080031918019, 279.1080031918019, 279.1080031918019, 279.1080031918019, 279.1080031918019, 279.1080031918019, 279.1080031918019, 279.1080031918019, 279.1080031918019, 279.1080031918019, 279.1080031918019, 283.3893953189356, 283.3893953189356, 283.3893953189356, 283.3893953189356, 283.3893953189356, 283.3893953189356, 283.3893953189356, 283.3893953189356, 283.3893953189356, 283.3893953189356, 283.3893953189356, 283.3893953189356, 283.3893953189356, 283.3893953189356, 283.3893953189356, 283.3893953189356, 283.3893953189356, 290.9487856225697, 290.9487856225697, 290.9487856225697, 290.9487856225697, 290.9487856225697, 290.9487856225697, 290.9487856225697, 290.9487856225697, 290.9487856225697, 290.9487856225697, 290.9487856225697, 290.9487856225697, 290.9487856225697, 290.9487856225697, 290.9487856225697, 290.9487856225697, 290.9487856225697, 290.9487856225697, 290.9487856225697, 290.9487856225697, 290.9487856225697, 290.9487856225697, 290.9487856225697, 290.9487856225697, 290.9487856225697, 290.9487856225697, 290.9487856225697, 290.9487856225697, 290.9487856225697, 290.9487856225697, 290.9487856225697, 290.9487856225697, 290.9487856225697, 291.67873318078705, 291.67873318078705, 291.67873318078705, 294.8831365483111, 294.8831365483111, 294.8831365483111, 294.8831365483111, 294.8831365483111, 294.8831365483111, 294.8831365483111, 294.8831365483111, 294.8831365483111, 294.8831365483111, 294.8831365483111, 294.8831365483111, 294.8831365483111, 294.8831365483111, 294.8831365483111, 294.8831365483111, 294.8831365483111, 294.8831365483111, 294.8831365483111, 294.8831365483111, 294.8831365483111, 294.8831365483111, 294.8831365483111, 294.8831365483111, 294.8831365483111, 294.8831365483111, 294.8831365483111, 294.8831365483111, 294.8831365483111, 294.8831365483111, 294.8831365483111, 294.8831365483111, 294.8831365483111, 294.8831365483111]
Execution Time: 1305.7285 seconds

Run 6:
Best Seed Set: [4, 19, 22, 26, 36, 76, 85, 91, 124, 135, 143, 165, 170, 208, 267, 273, 283, 304, 311, 316, 318, 357, 359, 396, 405, 431, 460, 494, 502, 511, 557, 576, 607, 615, 619, 639, 640, 660, 668, 724, 736, 738, 752, 757, 770, 772, 830, 851, 864, 885]
Best Seed Set Cost: 195.8115
Best Fitness Value (LIE): 295.1896
Spread: 625.477
Convergence Curve: [262.5003823722837, 272.0323621203727, 272.0323621203727, 272.0323621203727, 272.0323621203727, 272.0323621203727, 272.0323621203727, 272.0323621203727, 272.8549679479574, 272.8549679479574, 279.9445090074131, 279.9445090074131, 279.9445090074131, 279.9445090074131, 279.9445090074131, 279.9445090074131, 279.9445090074131, 279.9445090074131, 279.9445090074131, 279.9445090074131, 279.9445090074131, 279.9445090074131, 279.9445090074131, 279.9445090074131, 279.9445090074131, 279.9445090074131, 279.9445090074131, 279.9445090074131, 279.9445090074131, 279.9445090074131, 279.9445090074131, 279.9445090074131, 279.9445090074131, 279.9445090074131, 279.9445090074131, 279.9445090074131, 279.9445090074131, 279.9445090074131, 279.9445090074131, 279.9445090074131, 279.9445090074131, 279.9445090074131, 279.9445090074131, 279.9445090074131, 279.9445090074131, 279.9445090074131, 279.9445090074131, 280.11829882945204, 280.11829882945204, 280.11829882945204, 280.11829882945204, 282.02641227975164, 282.02641227975164, 282.02641227975164, 282.02641227975164, 282.02641227975164, 282.02641227975164, 282.6273454056767, 282.6273454056767, 282.6273454056767, 290.80875566830383, 290.80875566830383, 290.80875566830383, 290.80875566830383, 290.80875566830383, 290.80875566830383, 290.80875566830383, 290.80875566830383, 295.1895705436862, 295.1895705436862, 295.1895705436862, 295.1895705436862, 295.1895705436862, 295.1895705436862, 295.1895705436862, 295.1895705436862, 295.1895705436862, 295.1895705436862, 295.1895705436862, 295.1895705436862, 295.1895705436862, 295.1895705436862, 295.1895705436862, 295.1895705436862, 295.1895705436862, 295.1895705436862, 295.1895705436862, 295.1895705436862, 295.1895705436862, 295.1895705436862, 295.1895705436862, 295.1895705436862, 295.1895705436862, 295.1895705436862, 295.1895705436862, 295.1895705436862, 295.1895705436862, 295.1895705436862, 295.1895705436862, 295.1895705436862]
Execution Time: 746.7402 seconds

Run 7:
Best Seed Set: [11, 25, 50, 58, 79, 170, 185, 187, 189, 221, 230, 237, 245, 260, 273, 284, 306, 315, 337, 342, 422, 450, 462, 472, 473, 487, 499, 502, 543, 546, 548, 549, 559, 562, 563, 599, 643, 650, 659, 692, 716, 729, 736, 743, 753, 806, 810, 825, 854, 859]
Best Seed Set Cost: 193.3808
Best Fitness Value (LIE): 293.8520
Spread: 619.032
Convergence Curve: [269.17359505815733, 269.17359505815733, 269.17359505815733, 269.17359505815733, 269.17359505815733, 269.17359505815733, 269.17359505815733, 269.17359505815733, 285.8693381728038, 285.8693381728038, 285.8693381728038, 285.8693381728038, 285.8693381728038, 285.8693381728038, 285.8693381728038, 285.8693381728038, 285.8693381728038, 285.8693381728038, 285.8693381728038, 285.8693381728038, 285.8693381728038, 285.8693381728038, 285.8693381728038, 285.8693381728038, 285.8693381728038, 285.8693381728038, 285.8693381728038, 285.8693381728038, 285.8693381728038, 285.8693381728038, 285.8693381728038, 285.8693381728038, 285.8693381728038, 285.8693381728038, 285.8693381728038, 285.8693381728038, 285.8693381728038, 285.8693381728038, 285.8693381728038, 285.8693381728038, 285.8693381728038, 285.8693381728038, 285.8693381728038, 285.8693381728038, 285.8693381728038, 285.8693381728038, 285.8693381728038, 285.8693381728038, 285.8693381728038, 285.8693381728038, 285.8693381728038, 285.8693381728038, 285.8693381728038, 285.8693381728038, 285.8693381728038, 285.8693381728038, 285.8693381728038, 286.00293485709193, 286.00293485709193, 286.00293485709193, 286.00293485709193, 286.00293485709193, 286.00293485709193, 286.00293485709193, 286.00293485709193, 286.00293485709193, 286.00293485709193, 286.00293485709193, 286.00293485709193, 286.00293485709193, 286.00293485709193, 286.00293485709193, 286.00293485709193, 286.00293485709193, 286.00293485709193, 286.00293485709193, 288.45336121261676, 288.45336121261676, 293.85197366581446, 293.85197366581446, 293.85197366581446, 293.85197366581446, 293.85197366581446, 293.85197366581446, 293.85197366581446, 293.85197366581446, 293.85197366581446, 293.85197366581446, 293.85197366581446, 293.85197366581446, 293.85197366581446, 293.85197366581446, 293.85197366581446, 293.85197366581446, 293.85197366581446, 293.85197366581446, 293.85197366581446, 293.85197366581446, 293.85197366581446, 293.85197366581446]
Execution Time: 683.6593 seconds

Run 8:
Best Seed Set: [3, 8, 25, 62, 63, 68, 90, 108, 116, 123, 139, 148, 149, 170, 172, 215, 223, 230, 249, 255, 286, 298, 346, 381, 404, 415, 419, 431, 445, 454, 461, 465, 475, 534, 540, 544, 559, 573, 596, 601, 604, 637, 644, 655, 693, 696, 697, 786, 855, 868]
Best Seed Set Cost: 189.9574
Best Fitness Value (LIE): 306.8891
Spread: 621.165
Convergence Curve: [262.94642693616123, 262.94642693616123, 262.94642693616123, 262.94642693616123, 262.94642693616123, 262.94642693616123, 262.94642693616123, 262.94642693616123, 262.94642693616123, 262.94642693616123, 262.94642693616123, 262.94642693616123, 274.9996116330708, 274.9996116330708, 274.9996116330708, 274.9996116330708, 274.9996116330708, 274.9996116330708, 274.9996116330708, 274.9996116330708, 278.92053349841746, 278.92053349841746, 278.92053349841746, 278.92053349841746, 288.539609997972, 288.539609997972, 288.539609997972, 288.539609997972, 288.539609997972, 288.539609997972, 288.539609997972, 288.539609997972, 288.539609997972, 288.539609997972, 288.539609997972, 288.539609997972, 288.539609997972, 288.539609997972, 288.539609997972, 288.539609997972, 288.539609997972, 288.539609997972, 288.539609997972, 288.539609997972, 288.539609997972, 288.539609997972, 288.539609997972, 288.539609997972, 288.539609997972, 288.539609997972, 288.539609997972, 288.539609997972, 288.539609997972, 306.88909083423306, 306.88909083423306, 306.88909083423306, 306.88909083423306, 306.88909083423306, 306.88909083423306, 306.88909083423306, 306.88909083423306, 306.88909083423306, 306.88909083423306, 306.88909083423306, 306.88909083423306, 306.88909083423306, 306.88909083423306, 306.88909083423306, 306.88909083423306, 306.88909083423306, 306.88909083423306, 306.88909083423306, 306.88909083423306, 306.88909083423306, 306.88909083423306, 306.88909083423306, 306.88909083423306, 306.88909083423306, 306.88909083423306, 306.88909083423306, 306.88909083423306, 306.88909083423306, 306.88909083423306, 306.88909083423306, 306.88909083423306, 306.88909083423306, 306.88909083423306, 306.88909083423306, 306.88909083423306, 306.88909083423306, 306.88909083423306, 306.88909083423306, 306.88909083423306, 306.88909083423306, 306.88909083423306, 306.88909083423306, 306.88909083423306, 306.88909083423306, 306.88909083423306, 306.88909083423306]
Execution Time: 696.0168 seconds

Run 9:
Best Seed Set: [19, 22, 47, 48, 64, 90, 101, 118, 120, 152, 154, 170, 224, 230, 261, 266, 276, 283, 295, 297, 369, 370, 373, 380, 386, 428, 431, 464, 480, 489, 490, 515, 550, 598, 610, 620, 623, 635, 637, 657, 683, 720, 724, 782, 814, 826, 838, 870, 878, 879]
Best Seed Set Cost: 197.2130
Best Fitness Value (LIE): 299.5615
Spread: 623.503
Convergence Curve: [257.8894232154332, 266.01723205690917, 266.01723205690917, 266.01723205690917, 266.01723205690917, 266.01723205690917, 266.01723205690917, 266.01723205690917, 266.01723205690917, 266.01723205690917, 266.01723205690917, 275.7992640251682, 275.7992640251682, 275.7992640251682, 275.7992640251682, 275.7992640251682, 275.7992640251682, 275.7992640251682, 275.7992640251682, 275.7992640251682, 275.7992640251682, 275.7992640251682, 275.7992640251682, 275.7992640251682, 275.7992640251682, 275.7992640251682, 275.7992640251682, 275.7992640251682, 275.7992640251682, 275.7992640251682, 275.7992640251682, 275.7992640251682, 280.9084350629671, 280.9084350629671, 280.9084350629671, 280.9084350629671, 280.9084350629671, 280.9084350629671, 280.9084350629671, 280.9084350629671, 280.9084350629671, 280.9084350629671, 280.9084350629671, 280.9084350629671, 280.9084350629671, 280.9084350629671, 280.9084350629671, 280.9084350629671, 280.9084350629671, 280.9084350629671, 280.9084350629671, 280.9084350629671, 280.9084350629671, 280.9084350629671, 281.2352366614617, 281.2352366614617, 281.2352366614617, 287.6854049797543, 287.6854049797543, 287.6854049797543, 287.6854049797543, 287.6854049797543, 287.6854049797543, 287.6854049797543, 287.6854049797543, 287.6854049797543, 287.6854049797543, 287.6854049797543, 287.6854049797543, 287.6854049797543, 287.6854049797543, 287.6854049797543, 287.6854049797543, 287.6854049797543, 287.6854049797543, 287.6854049797543, 287.6854049797543, 287.6854049797543, 287.6854049797543, 287.6854049797543, 287.6854049797543, 287.6854049797543, 287.6854049797543, 287.6854049797543, 287.6854049797543, 287.6854049797543, 287.6854049797543, 287.6854049797543, 299.5614838701899, 299.5614838701899, 299.5614838701899, 299.5614838701899, 299.5614838701899, 299.5614838701899, 299.5614838701899, 299.5614838701899, 299.5614838701899, 299.5614838701899, 299.5614838701899, 299.5614838701899]
Execution Time: 677.6292 seconds

Run 10:
Best Seed Set: [8, 55, 61, 72, 80, 87, 98, 143, 161, 172, 201, 219, 228, 248, 255, 273, 285, 337, 342, 354, 355, 383, 416, 431, 450, 482, 487, 527, 557, 563, 569, 604, 610, 619, 624, 625, 628, 641, 668, 670, 680, 684, 691, 693, 707, 751, 862, 865, 871, 879]
Best Seed Set Cost: 196.8786
Best Fitness Value (LIE): 288.6322
Spread: 622.267
Convergence Curve: [252.3680938907667, 259.1144678897576, 259.1144678897576, 259.1144678897576, 259.1144678897576, 269.8654117312759, 269.8654117312759, 269.8654117312759, 269.8654117312759, 269.8654117312759, 269.8654117312759, 269.8654117312759, 269.8654117312759, 269.8654117312759, 269.8654117312759, 269.8654117312759, 269.8654117312759, 273.5115752761843, 273.5115752761843, 273.5115752761843, 275.95807398602466, 275.95807398602466, 275.95807398602466, 275.95807398602466, 275.95807398602466, 275.95807398602466, 275.95807398602466, 275.95807398602466, 275.95807398602466, 275.95807398602466, 275.95807398602466, 275.95807398602466, 275.95807398602466, 275.95807398602466, 275.95807398602466, 275.95807398602466, 275.95807398602466, 275.95807398602466, 275.95807398602466, 275.95807398602466, 275.95807398602466, 275.95807398602466, 275.95807398602466, 275.95807398602466, 275.95807398602466, 283.62769180455075, 283.62769180455075, 283.62769180455075, 283.62769180455075, 283.62769180455075, 283.62769180455075, 283.62769180455075, 283.62769180455075, 283.62769180455075, 283.62769180455075, 283.62769180455075, 283.62769180455075, 283.62769180455075, 283.62769180455075, 283.62769180455075, 283.62769180455075, 283.62769180455075, 283.62769180455075, 283.62769180455075, 283.62769180455075, 283.62769180455075, 283.62769180455075, 284.5826878468425, 284.5826878468425, 284.5826878468425, 284.5826878468425, 284.5826878468425, 284.5826878468425, 284.5826878468425, 284.5826878468425, 284.5826878468425, 284.5826878468425, 284.5826878468425, 284.5826878468425, 284.5826878468425, 284.5826878468425, 284.5826878468425, 284.5826878468425, 284.5826878468425, 284.5826878468425, 284.5826878468425, 284.5826878468425, 284.5826878468425, 288.6321958659376, 288.6321958659376, 288.6321958659376, 288.6321958659376, 288.6321958659376, 288.6321958659376, 288.6321958659376, 288.6321958659376, 288.6321958659376, 288.6321958659376, 288.6321958659376, 288.6321958659376]
Execution Time: 678.7615 seconds

