Algorithm name: CrowSA
Input file: soc-hamsterster.edges
Budget: 800
Number of Nodes: 2426
k: 10
Iterations: 100
Search Agents: 50

Run 1:
Best Seed Set: [73, 121, 131, 197, 213, 222, 248, 587, 1915, 1947]
Best Seed Set Cost: 451.4275
Best Fitness Value (LIE): 272.4516
Spread: 1798.099
Convergence Curve: [179.49363184313117, 179.49363184313117, 179.49363184313117, 179.49363184313117, 179.49363184313117, 179.49363184313117, 179.49363184313117, 179.49363184313117, 179.49363184313117, 179.49363184313117, 179.49363184313117, 179.49363184313117, 179.49363184313117, 179.49363184313117, 179.49363184313117, 179.49363184313117, 179.49363184313117, 179.49363184313117, 179.49363184313117, 179.49363184313117, 179.49363184313117, 188.1530250655393, 188.1530250655393, 188.1530250655393, 206.6466271839476, 206.6466271839476, 206.6466271839476, 214.71282303019302, 214.71282303019302, 214.71282303019302, 214.71282303019302, 214.71282303019302, 214.71282303019302, 218.12179443275414, 218.12179443275414, 218.12179443275414, 218.12179443275414, 218.12179443275414, 218.12179443275414, 229.64050901008005, 229.64050901008005, 229.64050901008005, 229.64050901008005, 229.64050901008005, 229.64050901008005, 229.64050901008005, 229.64050901008005, 229.64050901008005, 229.64050901008005, 229.64050901008005, 247.5250142005023, 247.5250142005023, 247.5250142005023, 272.4516044663829, 272.4516044663829, 272.4516044663829, 272.4516044663829, 272.4516044663829, 272.4516044663829, 272.4516044663829, 272.4516044663829, 272.4516044663829, 272.4516044663829, 272.4516044663829, 272.4516044663829, 272.4516044663829, 272.4516044663829, 272.4516044663829, 272.4516044663829, 272.4516044663829, 272.4516044663829, 272.4516044663829, 272.4516044663829, 272.4516044663829, 272.4516044663829, 272.4516044663829, 272.4516044663829, 272.4516044663829, 272.4516044663829, 272.4516044663829, 272.4516044663829, 272.4516044663829, 272.4516044663829, 272.4516044663829, 272.4516044663829, 272.4516044663829, 272.4516044663829, 272.4516044663829, 272.4516044663829, 272.4516044663829, 272.4516044663829, 272.4516044663829, 272.4516044663829, 272.4516044663829, 272.4516044663829, 272.4516044663829, 272.4516044663829, 272.4516044663829, 272.4516044663829, 272.4516044663829]
Execution Time: 3760.2675 seconds

Run 2:
Best Seed Set: [5, 73, 530, 640, 654, 816, 1072, 1181, 1317, 1771]
Best Seed Set Cost: 328.3464
Best Fitness Value (LIE): 238.3556
Spread: 1793.342
Convergence Curve: [167.93097472821105, 191.99061104224077, 191.99061104224077, 191.99061104224077, 191.99061104224077, 191.99061104224077, 191.99061104224077, 191.99061104224077, 191.99061104224077, 191.99061104224077, 191.99061104224077, 191.99061104224077, 191.99061104224077, 191.99061104224077, 191.99061104224077, 204.52315226964384, 204.52315226964384, 204.52315226964384, 204.52315226964384, 204.52315226964384, 204.52315226964384, 204.52315226964384, 204.52315226964384, 204.52315226964384, 204.52315226964384, 204.52315226964384, 204.52315226964384, 204.52315226964384, 215.13520217827227, 215.13520217827227, 215.13520217827227, 215.13520217827227, 215.13520217827227, 215.13520217827227, 215.13520217827227, 215.13520217827227, 215.13520217827227, 215.13520217827227, 215.13520217827227, 215.13520217827227, 215.13520217827227, 215.13520217827227, 215.13520217827227, 215.13520217827227, 215.13520217827227, 215.13520217827227, 217.08181676322675, 217.08181676322675, 221.20882546521406, 221.20882546521406, 221.20882546521406, 221.20882546521406, 221.20882546521406, 221.20882546521406, 221.20882546521406, 221.20882546521406, 221.20882546521406, 221.20882546521406, 221.20882546521406, 221.20882546521406, 221.20882546521406, 221.20882546521406, 221.20882546521406, 221.20882546521406, 221.20882546521406, 238.35558534468055, 238.35558534468055, 238.35558534468055, 238.35558534468055, 238.35558534468055, 238.35558534468055, 238.35558534468055, 238.35558534468055, 238.35558534468055, 238.35558534468055, 238.35558534468055, 238.35558534468055, 238.35558534468055, 238.35558534468055, 238.35558534468055, 238.35558534468055, 238.35558534468055, 238.35558534468055, 238.35558534468055, 238.35558534468055, 238.35558534468055, 238.35558534468055, 238.35558534468055, 238.35558534468055, 238.35558534468055, 238.35558534468055, 238.35558534468055, 238.35558534468055, 238.35558534468055, 238.35558534468055, 238.35558534468055, 238.35558534468055, 238.35558534468055, 238.35558534468055, 238.35558534468055]
Execution Time: 3602.2991 seconds

Run 3:
Best Seed Set: [6, 62, 73, 102, 136, 725, 728, 812, 1318, 2249]
Best Seed Set Cost: 379.4850
Best Fitness Value (LIE): 284.0008
Spread: 1800.832
Convergence Curve: [179.63325129576293, 179.63325129576293, 179.63325129576293, 179.63325129576293, 179.63325129576293, 189.62416298481597, 189.62416298481597, 190.78025247640167, 190.78025247640167, 190.78025247640167, 190.78025247640167, 190.78025247640167, 202.5556178081685, 202.5556178081685, 202.5556178081685, 212.549666091328, 212.549666091328, 212.549666091328, 212.549666091328, 212.549666091328, 212.549666091328, 212.549666091328, 212.549666091328, 212.549666091328, 212.549666091328, 212.549666091328, 212.549666091328, 212.549666091328, 212.549666091328, 214.67209977813496, 214.67209977813496, 214.67209977813496, 220.61020956439486, 220.61020956439486, 220.61020956439486, 241.600803166221, 241.600803166221, 241.600803166221, 241.600803166221, 241.600803166221, 241.6953221837402, 241.6953221837402, 241.6953221837402, 241.6953221837402, 243.92166833389157, 243.92166833389157, 243.92166833389157, 243.92166833389157, 243.92166833389157, 243.92166833389157, 243.92166833389157, 243.92166833389157, 243.92166833389157, 267.314868036765, 267.314868036765, 284.0008303696553, 284.0008303696553, 284.0008303696553, 284.0008303696553, 284.0008303696553, 284.0008303696553, 284.0008303696553, 284.0008303696553, 284.0008303696553, 284.0008303696553, 284.0008303696553, 284.0008303696553, 284.0008303696553, 284.0008303696553, 284.0008303696553, 284.0008303696553, 284.0008303696553, 284.0008303696553, 284.0008303696553, 284.0008303696553, 284.0008303696553, 284.0008303696553, 284.0008303696553, 284.0008303696553, 284.0008303696553, 284.0008303696553, 284.0008303696553, 284.0008303696553, 284.0008303696553, 284.0008303696553, 284.0008303696553, 284.0008303696553, 284.0008303696553, 284.0008303696553, 284.0008303696553, 284.0008303696553, 284.0008303696553, 284.0008303696553, 284.0008303696553, 284.0008303696553, 284.0008303696553, 284.0008303696553, 284.0008303696553, 284.0008303696553, 284.0008303696553]
Execution Time: 3348.5637 seconds

Run 4:
Best Seed Set: [21, 69, 73, 342, 436, 1094, 1276, 1480, 1917, 2379]
Best Seed Set Cost: 362.2663
Best Fitness Value (LIE): 270.1149
Spread: 1795.042
Convergence Curve: [171.79403842300144, 184.75387043830617, 184.75387043830617, 184.75387043830617, 195.53272213633898, 195.53272213633898, 195.53272213633898, 195.53272213633898, 195.53272213633898, 195.53272213633898, 195.53272213633898, 195.53272213633898, 195.53272213633898, 195.53272213633898, 195.53272213633898, 195.53272213633898, 195.53272213633898, 195.53272213633898, 216.1466075364821, 216.1466075364821, 216.1466075364821, 216.1466075364821, 216.1466075364821, 216.1466075364821, 216.1466075364821, 216.1466075364821, 216.1466075364821, 216.1466075364821, 216.1466075364821, 216.1466075364821, 216.1466075364821, 216.1466075364821, 216.1466075364821, 216.1466075364821, 216.1466075364821, 216.1466075364821, 216.1466075364821, 216.1466075364821, 216.1466075364821, 216.1466075364821, 216.1466075364821, 216.1466075364821, 216.1466075364821, 216.1466075364821, 222.6440492447488, 222.6440492447488, 222.6440492447488, 222.6440492447488, 222.6440492447488, 244.20075280876227, 244.20075280876227, 244.20075280876227, 244.20075280876227, 244.20075280876227, 244.20075280876227, 244.20075280876227, 244.20075280876227, 244.20075280876227, 244.20075280876227, 270.11488051864325, 270.11488051864325, 270.11488051864325, 270.11488051864325, 270.11488051864325, 270.11488051864325, 270.11488051864325, 270.11488051864325, 270.11488051864325, 270.11488051864325, 270.11488051864325, 270.11488051864325, 270.11488051864325, 270.11488051864325, 270.11488051864325, 270.11488051864325, 270.11488051864325, 270.11488051864325, 270.11488051864325, 270.11488051864325, 270.11488051864325, 270.11488051864325, 270.11488051864325, 270.11488051864325, 270.11488051864325, 270.11488051864325, 270.11488051864325, 270.11488051864325, 270.11488051864325, 270.11488051864325, 270.11488051864325, 270.11488051864325, 270.11488051864325, 270.11488051864325, 270.11488051864325, 270.11488051864325, 270.11488051864325, 270.11488051864325, 270.11488051864325, 270.11488051864325, 270.11488051864325]
Execution Time: 1463.3547 seconds

Run 5:
Best Seed Set: [6, 73, 279, 1196, 1289, 1536, 1621, 1684, 1698, 1892]
Best Seed Set Cost: 331.2756
Best Fitness Value (LIE): 253.5162
Spread: 1814.236
Convergence Curve: [168.53215410994548, 168.53215410994548, 168.53215410994548, 178.66920826913037, 178.66920826913037, 178.66920826913037, 178.66920826913037, 178.66920826913037, 178.66920826913037, 178.66920826913037, 178.66920826913037, 178.66920826913037, 178.66920826913037, 178.66920826913037, 178.66920826913037, 178.66920826913037, 178.66920826913037, 186.85876591853204, 186.85876591853204, 186.85876591853204, 186.85876591853204, 186.85876591853204, 189.20002254453928, 214.9325366215655, 214.9325366215655, 214.9325366215655, 214.9325366215655, 214.9325366215655, 214.9325366215655, 214.9325366215655, 214.9325366215655, 214.9325366215655, 214.9325366215655, 214.9325366215655, 214.9325366215655, 214.9325366215655, 214.9325366215655, 214.9325366215655, 214.9325366215655, 214.9325366215655, 214.9325366215655, 234.97670875582156, 234.97670875582156, 234.97670875582156, 234.97670875582156, 253.5161982163342, 253.5161982163342, 253.5161982163342, 253.5161982163342, 253.5161982163342, 253.5161982163342, 253.5161982163342, 253.5161982163342, 253.5161982163342, 253.5161982163342, 253.5161982163342, 253.5161982163342, 253.5161982163342, 253.5161982163342, 253.5161982163342, 253.5161982163342, 253.5161982163342, 253.5161982163342, 253.5161982163342, 253.5161982163342, 253.5161982163342, 253.5161982163342, 253.5161982163342, 253.5161982163342, 253.5161982163342, 253.5161982163342, 253.5161982163342, 253.5161982163342, 253.5161982163342, 253.5161982163342, 253.5161982163342, 253.5161982163342, 253.5161982163342, 253.5161982163342, 253.5161982163342, 253.5161982163342, 253.5161982163342, 253.5161982163342, 253.5161982163342, 253.5161982163342, 253.5161982163342, 253.5161982163342, 253.5161982163342, 253.5161982163342, 253.5161982163342, 253.5161982163342, 253.5161982163342, 253.5161982163342, 253.5161982163342, 253.5161982163342, 253.5161982163342, 253.5161982163342, 253.5161982163342, 253.5161982163342, 253.5161982163342]
Execution Time: 1413.7661 seconds

