1 18 5.3693
2 87 24.3909
3 83 23.1254
4 72 19.7851
5 101 29.0770
6 151 51.0052
7 43 11.7297
8 6 2.4412
11 88 24.7119
1308 16 4.8766
1542 47 12.7896
1829 35 9.6487
1863 9 3.1672
2070 21 6.1123
2076 7 2.6827
2077 15 4.6310
2078 6 2.4412
2079 22 6.3610
2373 13 4.1412
13 87 24.3909
18 54 14.6792
19 68 18.6154
20 91 25.6869
21 104 30.1405
23 27 7.6131
46 24 6.8601
50 22 6.3610
69 148 49.3567
93 43 11.7297
94 44 11.9934
95 50 13.5937
96 51 13.8637
118 50 13.5937
119 62 16.9004
159 74 20.3784
160 31 8.6257
161 32 8.8804
165 32 8.8804
166 26 7.3615
167 57 15.5040
198 24 6.8601
204 33 9.1358
207 34 9.3919
224 53 14.4064
235 35 9.6487
236 38 10.4234
413 22 6.3610
414 22 6.3610
417 21 6.1123
418 17 5.1227
423 40 10.9436
424 18 5.3693
425 19 5.6165
465 99 28.3805
469 20 5.8641
470 34 9.3919
471 57 15.5040
472 9 3.1672
1463 7 2.6827
1528 8 2.9247
1529 5 2.2000
1530 6 2.4412
1540 50 13.5937
1571 12 3.8970
1878 15 4.6310
1913 30 8.3716
1942 23 6.6103
1943 22 6.3610
2026 8 2.9247
2036 10 3.4100
2071 10 3.4100
2072 10 3.4100
2073 10 3.4100
2074 10 3.4100
2075 10 3.4100
2188 4 1.9592
2189 4 1.9592
2190 4 1.9592
2191 10 3.4100
2192 3 1.7189
2193 3 1.7189
2194 2 1.4789
2212 5 2.2000
2214 9 3.1672
2239 10 3.4100
2240 12 3.8970
2241 12 3.8970
2242 11 3.6533
2243 11 3.6533
2244 11 3.6533
2245 11 3.6533
2246 11 3.6533
146 83 23.1254
147 82 22.8135
148 84 23.4390
199 26 7.3615
473 37 10.1644
474 35 9.6487
475 37 10.1644
476 35 9.6487
2005 29 8.1181
2007 33 9.1358
140 8 2.9247
152 50 13.5937
153 55 14.9531
154 63 17.1831
156 13 4.1412
200 8 2.9247
436 7 2.6827
437 6 2.4412
445 11 3.6533
600 43 11.7297
601 40 10.9436
640 106 30.8627
684 12 3.8970
735 12 3.8970
736 12 3.8970
737 13 4.1412
738 14 4.3859
739 18 5.3693
740 14 4.3859
741 14 4.3859
742 14 4.3859
743 14 4.3859
744 13 4.1412
1329 34 9.3919
1330 34 9.3919
1331 35 9.6487
1332 36 9.9062
1353 4 1.9592
1365 7 2.6827
1439 17 5.1227
1520 26 7.3615
1741 21 6.1123
1742 25 7.1105
1808 8 2.9247
1828 9 3.1672
1856 13 4.1412
1857 18 5.3693
1858 16 4.8766
1859 16 4.8766
1860 19 5.6165
1861 17 5.1227
1868 14 4.3859
1869 3 1.7189
1872 11 3.6533
1958 11 3.6533
1959 10 3.4100
1977 25 7.1105
2010 8 2.9247
2011 9 3.1672
2080 6 2.4412
2082 5 2.2000
2083 4 1.9592
2084 4 1.9592
2085 14 4.3859
2086 12 3.8970
2087 15 4.6310
2088 13 4.1412
2297 39 10.6831
30 49 13.3248
131 97 27.6936
132 11 3.6533
135 48 13.0567
136 87 24.3909
157 7 2.6827
162 26 7.3615
620 39 10.6831
633 36 9.9062
1150 7 2.6827
1151 7 2.6827
1152 7 2.6827
1336 8 2.9247
1430 16 4.8766
1951 14 4.3859
1954 19 5.6165
1955 19 5.6165
1960 24 6.8601
1961 25 7.1105
1962 25 7.1105
1975 23 6.6103
1976 23 6.6103
1978 2 1.4789
1998 17 5.1227
1999 24 6.8601
2090 6 2.4412
2091 6 2.4412
2092 6 2.4412
2093 6 2.4412
2094 6 2.4412
2095 4 1.9592
2096 4 1.9592
2332 8 2.9247
26 43 11.7297
33 58 15.7810
36 4 1.9592
49 19 5.6165
53 38 10.4234
55 52 14.1345
57 20 5.8641
58 17 5.1227
120 62 16.9004
133 27 7.6131
134 45 12.2579
149 47 12.7896
151 52 14.1345
158 16 4.8766
188 20 5.8641
197 22 6.3610
201 27 7.6131
203 25 7.1105
293 30 8.3716
299 35 9.6487
404 16 4.8766
420 16 4.8766
448 23 6.6103
449 25 7.1105
534 16 4.8766
567 24 6.8601
588 61 16.6188
650 4 1.9592
745 4 1.9592
746 11 3.6533
747 6 2.4412
748 5 2.2000
1460 3 1.7189
1488 5 2.2000
1911 23 6.6103
1915 50 13.5937
1916 22 6.3610
2019 10 3.4100
2053 13 4.1412
2054 16 4.8766
2055 19 5.6165
2062 5 2.2000
2069 7 2.6827
2097 3 1.7189
2098 1 1.2392
2099 1 1.2392
2103 2 1.4789
2141 6 2.4412
2142 8 2.9247
2221 18 5.3693
2248 5 2.2000
2260 8 2.9247
2266 6 2.4412
2311 25 7.1105
2323 4 1.9592
56 40 10.9436
62 74 20.3784
196 87 24.3909
227 54 14.6792
298 27 7.6131
812 92 26.0160
813 78 21.5831
1311 9 3.1672
1502 31 8.6257
1675 8 2.9247
1740 19 5.6165
1854 10 3.4100
1855 12 3.8970
1900 24 6.8601
2296 23 6.6103
636 67 18.3264
1422 3 1.7189
9 6 2.4412
10 81 22.5034
84 123 37.4894
189 146 48.2884
301 173 65.1112
312 105 30.5002
313 141 45.7185
71 79 21.8882
72 73 20.0810
73 273 242.0471
90 23 6.6103
121 223 119.2239
138 86 24.0717
139 79 21.8882
141 29 8.1181
142 7 2.6827
143 7 2.6827
144 17 5.1227
150 44 11.9934
168 99 28.3805
182 97 27.6936
202 154 52.7119
218 93 26.3471
230 36 9.9062
240 105 30.5002
247 80 22.1950
248 90 25.3599
249 104 30.1405
255 53 14.4064
256 44 11.9934
257 54 14.6792
258 70 19.1975
259 60 16.3384
261 1 1.2392
283 37 10.1644
284 41 11.2048
285 42 11.4669
286 49 13.3248
287 49 13.3248
316 31 8.6257
319 14 4.3859
323 68 18.6154
325 73 20.0810
326 70 19.1975
331 64 17.4671
503 17 5.1227
548 42 11.4669
559 15 4.6310
560 13 4.1412
561 13 4.1412
562 13 4.1412
563 24 6.8601
602 90 25.3599
603 70 19.1975
610 72 19.7851
612 112 33.0966
617 128 39.6324
622 130 40.5182
629 123 37.4894
637 95 27.0159
638 59 16.0592
639 56 15.2280
641 70 19.1975
666 10 3.4100
677 20 5.8641
678 29 8.1181
679 17 5.1227
680 18 5.3693
681 18 5.3693
768 33 9.1358
827 3 1.7189
830 15 4.6310
863 18 5.3693
883 77 21.2796
936 3 1.7189
2138 8 2.9247
2139 13 4.1412
12 6 2.4412
15 7 2.6827
16 29 8.1181
17 29 8.1181
22 6 2.4412
27 6 2.4412
28 15 4.6310
31 3 1.7189
37 39 10.6831
47 30 8.3716
70 5 2.2000
74 5 2.2000
78 12 3.8970
85 22 6.3610
97 8 2.9247
100 12 3.8970
101 1 1.2392
115 14 4.3859
116 15 4.6310
124 22 6.3610
126 58 15.7810
127 67 18.3264
169 9 3.1672
185 6 2.4412
193 62 16.9004
229 57 15.5040
254 66 18.0387
304 38 10.4234
353 27 7.6131
354 10 3.4100
359 17 5.1227
366 14 4.3859
367 16 4.8766
368 8 2.9247
393 9 3.1672
411 25 7.1105
421 17 5.1227
422 17 5.1227
456 14 4.3859
457 14 4.3859
458 17 5.1227
480 18 5.3693
498 4 1.9592
518 91 25.6869
553 5 2.2000
556 13 4.1412
575 3 1.7189
578 16 4.8766
642 19 5.6165
656 31 8.6257
660 30 8.3716
765 9 3.1672
771 6 2.4412
798 12 3.8970
823 7 2.6827
882 9 3.1672
987 3 1.7189
2426 1 1.2392
14 63 17.1831
2176 1 1.2392
2283 5 2.2000
2284 6 2.4412
68 48 13.0567
87 37 10.1644
89 36 9.9062
220 26 7.3615
242 113 33.4794
245 38 10.4234
246 5 2.2000
251 56 15.2280
294 31 8.6257
334 23 6.6103
341 20 5.8641
552 13 4.1412
582 53 14.4064
605 7 2.6827
707 14 4.3859
722 27 7.6131
786 26 7.3615
788 30 8.3716
815 10 3.4100
874 78 21.5831
942 55 14.9531
1412 9 3.1672
1413 10 3.4100
1426 11 3.6533
1427 14 4.3859
1432 14 4.3859
1433 14 4.3859
1454 8 2.9247
1455 7 2.6827
1646 7 2.6827
1647 7 2.6827
1648 6 2.4412
1723 9 3.1672
1908 32 8.8804
1909 27 7.6131
1914 28 7.8653
1952 8 2.9247
1957 14 4.3859
1963 8 2.9247
1964 8 2.9247
2022 4 1.9592
2023 1 1.2392
2025 3 1.7189
2032 3 1.7189
2155 7 2.6827
2196 8 2.9247
2197 15 4.6310
2210 14 4.3859
2222 12 3.8970
75 46 12.5233
79 25 7.1105
163 37 10.1644
164 30 8.3716
252 77 21.2796
295 34 9.3919
340 20 5.8641
415 27 7.6131
491 94 26.6804
493 76 20.9776
509 27 7.6131
558 74 20.3784
667 40 10.9436
669 22 6.3610
670 23 6.6103
671 25 7.1105
672 70 19.1975
673 81 22.5034
697 36 9.9062
782 77 21.2796
808 80 22.1950
822 66 18.0387
828 17 5.1227
851 15 4.6310
859 25 7.1105
877 59 16.0592
878 71 19.4906
205 31 8.6257
206 30 8.3716
208 31 8.6257
219 22 6.3610
732 8 2.9247
733 8 2.9247
1501 29 8.1181
1503 29 8.1181
1504 20 5.8641
2068 5 2.2000
2154 29 8.1181
2265 10 3.4100
63 89 25.0349
66 111 32.7169
291 27 7.6131
446 33 9.1358
569 24 6.8601
875 8 2.9247
1582 6 2.4412
1583 6 2.4412
1584 12 3.8970
1910 26 7.3615
1912 28 7.8653
1917 26 7.3615
1988 21 6.1123
2033 8 2.9247
2052 16 4.8766
2066 5 2.2000
2067 9 3.1672
2130 10 3.4100
2198 5 2.2000
2199 11 3.6533
2200 9 3.1672
2201 14 4.3859
2202 6 2.4412
2203 6 2.4412
2204 6 2.4412
2205 6 2.4412
2211 3 1.7189
2215 20 5.8641
2219 5 2.2000
2220 5 2.2000
2310 9 3.1672
48 14 4.3859
289 24 6.8601
290 24 6.8601
292 24 6.8601
1469 8 2.9247
2207 6 2.4412
2208 13 4.1412
2209 6 2.4412
173 24 6.8601
181 66 18.0387
233 5 2.2000
234 6 2.4412
274 18 5.3693
394 30 8.3716
463 33 9.1358
464 29 8.1181
572 23 6.6103
611 5 2.2000
646 18 5.3693
698 8 2.9247
1523 4 1.9592
2175 3 1.7189
2213 5 2.2000
2225 2 1.4789
2256 6 2.4412
2280 16 4.8766
2288 3 1.7189
2289 3 1.7189
426 21 6.1123
2232 15 4.6310
2233 15 4.6310
2234 15 4.6310
2235 15 4.6310
2236 15 4.6310
2237 15 4.6310
2254 2 1.4789
2343 4 1.9592
24 5 2.2000
25 27 7.6131
2262 15 4.6310
209 57 15.5040
210 52 14.1345
211 16 4.8766
212 3 1.7189
213 16 4.8766
214 7 2.6827
2261 12 3.8970
217 37 10.1644
266 16 4.8766
267 14 4.3859
309 47 12.7896
554 12 3.8970
929 50 13.5937
947 62 16.9004
2400 2 1.4789
34 21 6.1123
35 28 7.8653
105 35 9.6487
106 36 9.9062
110 30 8.3716
112 47 12.7896
113 36 9.9062
175 10 3.4100
183 9 3.1672
311 37 10.1644
574 21 6.1123
606 17 5.1227
2304 2 1.4789
2305 2 1.4789
29 25 7.1105
1747 4 1.9592
1748 15 4.6310
51 35 9.6487
52 35 9.6487
54 38 10.4234
92 31 8.6257
225 52 14.1345
226 51 13.8637
228 54 14.6792
714 18 5.3693
715 18 5.3693
716 17 5.1227
65 54 14.6792
342 70 19.1975
441 5 2.2000
625 6 2.4412
1449 10 3.4100
1967 5 2.2000
1968 5 2.2000
1970 14 4.3859
1971 16 4.8766
1972 2 1.4789
1973 3 1.7189
1974 1 1.2392
2017 5 2.2000
2300 16 4.8766
32 3 1.7189
1710 2 1.4789
38 24 6.8601
39 21 6.1123
40 11 3.6533
41 35 9.6487
42 57 15.5040
43 48 13.0567
44 37 10.1644
45 31 8.6257
59 41 11.2048
60 34 9.3919
61 63 17.1831
64 10 3.4100
67 57 15.5040
1390 10 3.4100
1391 11 3.6533
1392 11 3.6533
1437 17 5.1227
1438 21 6.1123
1749 13 4.1412
1750 13 4.1412
1751 32 8.8804
1752 42 11.4669
2131 19 5.6165
2132 6 2.4412
2133 7 2.6827
2349 11 3.6533
2226 13 4.1412
2309 13 4.1412
1420 4 1.9592
2064 4 1.9592
260 26 7.3615
317 31 8.6257
427 16 4.8766
428 16 4.8766
429 18 5.3693
430 16 4.8766
431 20 5.8641
315 15 4.6310
447 13 4.1412
2393 6 2.4412
455 20 5.8641
2153 12 3.8970
307 42 11.4669
397 31 8.6257
398 26 7.3615
402 29 8.1181
403 35 9.6487
406 22 6.3610
651 14 4.3859
652 20 5.8641
1428 13 4.1412
1429 13 4.1412
1431 13 4.1412
1484 15 4.6310
2152 6 2.4412
2319 12 3.8970
2369 12 3.8970
1511 12 3.8970
1512 12 3.8970
1513 12 3.8970
1514 12 3.8970
1515 15 4.6310
1516 20 5.8641
1517 22 6.3610
1518 22 6.3610
1519 35 9.6487
1521 21 6.1123
1895 18 5.3693
1896 16 4.8766
1897 12 3.8970
1898 12 3.8970
1899 15 4.6310
1901 20 5.8641
2081 8 2.9247
2128 4 1.9592
2129 5 2.2000
2136 8 2.9247
2164 14 4.3859
2165 8 2.9247
2166 8 2.9247
2167 7 2.6827
2168 7 2.6827
2169 4 1.9592
338 12 3.8970
438 37 10.1644
520 8 2.9247
521 7 2.6827
537 17 5.1227
538 15 4.6310
539 15 4.6310
540 15 4.6310
541 15 4.6310
542 15 4.6310
543 15 4.6310
544 15 4.6310
545 16 4.8766
546 16 4.8766
547 16 4.8766
696 7 2.6827
2348 6 2.4412
171 7 2.6827
1606 10 3.4100
2105 2 1.4789
2134 3 1.7189
2156 5 2.2000
2224 2 1.4789
2295 11 3.6533
2047 4 1.9592
585 33 9.1358
586 33 9.1358
587 28 7.8653
1284 7 2.6827
1285 7 2.6827
1314 6 2.4412
1679 25 7.1105
2333 4 1.9592
2334 4 1.9592
632 17 5.1227
322 23 6.6103
405 13 4.1412
505 16 4.8766
1832 19 5.6165
1833 27 7.6131
2301 8 2.9247
2362 9 3.1672
2363 9 3.1672
2364 10 3.4100
434 36 9.9062
1724 19 5.6165
2354 3 1.7189
623 14 4.3859
624 12 3.8970
1676 5 2.2000
1677 5 2.2000
2170 1 1.2392
2353 2 1.4789
339 18 5.3693
761 22 6.3610
2045 4 1.9592
2046 4 1.9592
344 14 4.3859
858 14 4.3859
1596 10 3.4100
1597 12 3.8970
1598 13 4.1412
1599 15 4.6310
860 11 3.6533
2329 3 1.7189
2330 3 1.7189
2331 4 1.9592
172 18 5.3693
280 34 9.3919
281 34 9.3919
282 34 9.3919
345 25 7.1105
377 33 9.1358
378 23 6.6103
380 48 13.0567
385 39 10.6831
386 47 12.7896
988 15 4.6310
1773 18 5.3693
1774 17 5.1227
1775 17 5.1227
271 8 2.9247
373 13 4.1412
374 13 4.1412
440 7 2.6827
706 5 2.2000
750 7 2.6827
1946 11 3.6533
2012 21 6.1123
86 33 9.1358
88 35 9.6487
753 15 4.6310
1652 7 2.6827
1653 9 3.1672
2298 1 1.2392
2299 5 2.2000
479 63 17.1831
490 56 15.2280
492 66 18.0387
523 12 3.8970
592 17 5.1227
593 11 3.6533
594 13 4.1412
657 34 9.3919
658 34 9.3919
674 9 3.1672
682 3 1.7189
683 3 1.7189
685 1 1.2392
686 28 7.8653
687 28 7.8653
688 31 8.6257
689 29 8.1181
690 32 8.8804
691 31 8.6257
692 32 8.8804
693 38 10.4234
694 46 12.5233
703 3 1.7189
704 3 1.7189
705 3 1.7189
711 7 2.6827
712 18 5.3693
155 60 16.3384
502 46 12.5233
1159 6 2.4412
174 12 3.8970
194 4 1.9592
195 26 7.3615
272 18 5.3693
310 34 9.3919
324 13 4.1412
352 13 4.1412
399 16 4.8766
400 18 5.3693
499 38 10.4234
513 35 9.6487
515 32 8.8804
532 44 11.9934
533 17 5.1227
535 46 12.5233
576 19 5.6165
581 34 9.3919
614 8 2.9247
616 8 2.9247
621 45 12.2579
665 8 2.9247
720 22 6.3610
852 20 5.8641
967 18 5.3693
1347 2 1.4789
1852 16 4.8766
1923 11 3.6533
1934 15 4.6310
1935 15 4.6310
1936 15 4.6310
1937 15 4.6310
1938 23 6.6103
1939 17 5.1227
1940 17 5.1227
2111 9 3.1672
2113 9 3.1672
2114 9 3.1672
2115 9 3.1672
2116 9 3.1672
2159 10 3.4100
2183 11 3.6533
2185 10 3.4100
2320 5 2.2000
2383 10 3.4100
91 36 9.9062
98 13 4.1412
176 13 4.1412
243 13 4.1412
244 20 5.8641
264 32 8.8804
300 27 7.6131
306 15 4.6310
360 32 8.8804
382 27 7.6131
391 21 6.1123
407 27 7.6131
478 15 4.6310
485 15 4.6310
504 22 6.3610
512 19 5.6165
514 32 8.8804
516 43 11.7297
517 44 11.9934
530 41 11.2048
531 40 10.9436
583 15 4.6310
862 13 4.1412
2160 10 3.4100
2413 8 2.9247
77 27 7.6131
102 22 6.3610
103 24 6.8601
104 23 6.6103
107 18 5.3693
108 20 5.8641
109 23 6.6103
111 17 5.1227
114 19 5.6165
117 24 6.8601
122 10 3.4100
125 23 6.6103
170 29 8.1181
177 19 5.6165
178 15 4.6310
179 9 3.1672
180 20 5.8641
237 26 7.3615
241 9 3.1672
250 42 11.4669
253 10 3.4100
265 34 9.3919
336 19 5.6165
343 43 11.7297
349 14 4.3859
371 13 4.1412
408 9 3.1672
409 16 4.8766
410 8 2.9247
416 46 12.5233
450 13 4.1412
451 7 2.6827
452 10 3.4100
453 7 2.6827
454 20 5.8641
460 13 4.1412
461 17 5.1227
468 6 2.4412
496 8 2.9247
497 5 2.2000
500 19 5.6165
527 8 2.9247
528 17 5.1227
529 17 5.1227
557 20 5.8641
566 17 5.1227
570 28 7.8653
579 19 5.6165
584 8 2.9247
608 31 8.6257
713 14 4.3859
763 25 7.1105
766 10 3.4100
767 10 3.4100
776 15 4.6310
779 8 2.9247
780 21 6.1123
783 16 4.8766
784 15 4.6310
785 19 5.6165
787 18 5.3693
789 17 5.1227
790 35 9.6487
795 7 2.6827
796 10 3.4100
805 8 2.9247
806 4 1.9592
807 5 2.2000
826 22 6.3610
842 16 4.8766
849 12 3.8970
850 8 2.9247
871 19 5.6165
881 10 3.4100
890 18 5.3693
891 10 3.4100
892 14 4.3859
919 13 4.1412
921 13 4.1412
934 19 5.6165
935 18 5.3693
941 10 3.4100
962 16 4.8766
1691 9 3.1672
1692 16 4.8766
1704 17 5.1227
1705 17 5.1227
1712 7 2.6827
1728 3 1.7189
1846 6 2.4412
2291 3 1.7189
2361 9 3.1672
2398 2 1.4789
2399 1 1.2392
2401 1 1.2392
2402 2 1.4789
2415 2 1.4789
2417 10 3.4100
2418 10 3.4100
2419 10 3.4100
2420 10 3.4100
2421 10 3.4100
2422 19 5.6165
2423 16 4.8766
76 14 4.3859
2351 2 1.4789
232 6 2.4412
383 31 8.6257
643 18 5.3693
649 6 2.4412
2350 2 1.4789
2357 17 5.1227
2370 5 2.2000
2371 5 2.2000
2372 6 2.4412
2379 8 2.9247
964 12 3.8970
80 18 5.3693
81 18 5.3693
82 18 5.3693
83 18 5.3693
1673 7 2.6827
187 9 3.1672
308 10 3.4100
314 8 2.9247
318 7 2.6827
320 6 2.4412
332 8 2.9247
333 7 2.6827
346 9 3.1672
347 5 2.2000
348 6 2.4412
350 11 3.6533
351 31 8.6257
355 8 2.9247
358 10 3.4100
361 5 2.2000
362 4 1.9592
363 4 1.9592
364 6 2.4412
365 6 2.4412
369 12 3.8970
376 4 1.9592
387 6 2.4412
477 9 3.1672
507 33 9.1358
508 20 5.8641
568 15 4.6310
607 27 7.6131
668 19 5.6165
676 15 4.6310
825 5 2.2000
2381 13 4.1412
278 55 14.9531
279 48 13.0567
419 32 8.8804
501 16 4.8766
764 26 7.3615
296 15 4.6310
297 15 4.6310
718 12 3.8970
459 2 1.4789
506 18 5.3693
931 6 2.4412
2257 11 3.6533
751 9 3.1672
853 36 9.9062
2285 4 1.9592
2409 11 3.6533
2410 7 2.6827
2411 8 2.9247
2412 8 2.9247
756 4 1.9592
99 12 3.8970
2157 8 2.9247
2158 8 2.9247
335 6 2.4412
604 10 3.4100
2306 2 1.4789
675 14 4.3859
969 8 2.9247
970 8 2.9247
971 8 2.9247
972 8 2.9247
392 28 7.8653
841 23 6.6103
846 23 6.6103
910 16 4.8766
911 17 5.1227
912 16 4.8766
913 16 4.8766
914 19 5.6165
958 3 1.7189
276 17 5.1227
525 7 2.6827
573 10 3.4100
699 14 4.3859
854 5 2.2000
855 6 2.4412
856 6 2.4412
1491 8 2.9247
2228 3 1.7189
2267 3 1.7189
2227 4 1.9592
700 13 4.1412
2425 2 1.4789
288 18 5.3693
328 15 4.6310
370 24 6.8601
372 3 1.7189
565 23 6.6103
627 2 1.4789
1876 4 1.9592
123 8 2.9247
1713 4 1.9592
1714 5 2.2000
1715 8 2.9247
870 15 4.6310
268 12 3.8970
269 12 3.8970
270 12 3.8970
861 12 3.8970
2335 5 2.2000
128 5 2.2000
129 5 2.2000
2177 1 1.2392
2181 12 3.8970
847 14 4.3859
130 1 1.2392
137 9 3.1672
145 20 5.8641
375 9 3.1672
481 6 2.4412
644 16 4.8766
645 16 4.8766
797 7 2.6827
983 5 2.2000
986 17 5.1227
1543 44 11.9934
2252 7 2.6827
2253 3 1.7189
2377 6 2.4412
2378 7 2.6827
884 3 1.7189
2376 5 2.2000
395 4 1.9592
396 4 1.9592
564 3 1.7189
1409 1 1.2392
1891 12 3.8970
1892 12 3.8970
1893 12 3.8970
1894 12 3.8970
695 41 11.2048
759 3 1.7189
820 6 2.4412
904 15 4.6310
907 13 4.1412
915 2 1.4789
916 13 4.1412
917 13 4.1412
933 7 2.6827
937 7 2.6827
938 7 2.6827
939 7 2.6827
953 13 4.1412
954 15 4.6310
960 12 3.8970
961 20 5.8641
982 10 3.4100
2035 1 1.2392
635 9 3.1672
708 11 3.6533
709 11 3.6533
918 1 1.2392
924 4 1.9592
948 3 1.7189
949 4 1.9592
1452 1 1.2392
1258 1 1.2392
1272 4 1.9592
444 4 1.9592
973 10 3.4100
1434 6 2.4412
1435 6 2.4412
1436 6 2.4412
412 8 2.9247
659 43 11.7297
1327 31 8.6257
1328 31 8.6257
1333 31 8.6257
1334 31 8.6257
1404 12 3.8970
1414 12 3.8970
1481 8 2.9247
1485 14 4.3859
1486 17 5.1227
1541 39 10.6831
1544 36 9.9062
1941 27 7.6131
2002 8 2.9247
2065 5 2.2000
2374 8 2.9247
2375 4 1.9592
770 8 2.9247
321 4 1.9592
905 12 3.8970
906 10 3.4100
922 12 3.8970
923 12 3.8970
974 2 1.4789
1871 2 1.4789
1881 4 1.9592
1882 2 1.4789
723 2 1.4789
727 6 2.4412
728 3 1.7189
729 3 1.7189
730 4 1.9592
731 4 1.9592
773 10 3.4100
835 8 2.9247
968 2 1.4789
1415 1 1.2392
2352 2 1.4789
510 17 5.1227
655 10 3.4100
1887 8 2.9247
1888 8 2.9247
1889 8 2.9247
1890 8 2.9247
2016 5 2.2000
2307 5 2.2000
2308 9 3.1672
2344 8 2.9247
2345 8 2.9247
2346 11 3.6533
2382 3 1.7189
1421 2 1.4789
1823 5 2.2000
1997 4 1.9592
2000 4 1.9592
2001 4 1.9592
876 4 1.9592
1632 6 2.4412
337 3 1.7189
818 5 2.2000
819 5 2.2000
1210 4 1.9592
1929 17 5.1227
1180 9 3.1672
1930 16 4.8766
1931 16 4.8766
1932 16 4.8766
1944 5 2.2000
2020 5 2.2000
580 11 3.6533
710 6 2.4412
887 3 1.7189
963 7 2.6827
981 5 2.2000
989 3 1.7189
990 3 1.7189
1078 2 1.4789
975 6 2.4412
976 6 2.4412
977 8 2.9247
978 6 2.4412
2286 3 1.7189
2290 1 1.2392
609 2 1.4789
401 19 5.6165
2249 4 1.9592
2250 4 1.9592
2251 4 1.9592
2287 2 1.4789
215 3 1.7189
1550 4 1.9592
1553 3 1.7189
2140 3 1.7189
2151 2 1.4789
2403 6 2.4412
943 4 1.9592
184 7 2.6827
186 5 2.2000
536 9 3.1672
2406 8 2.9247
2407 8 2.9247
2408 8 2.9247
190 3 1.7189
191 3 1.7189
192 3 1.7189
216 3 1.7189
628 3 1.7189
809 5 2.2000
305 9 3.1672
1883 4 1.9592
1884 4 1.9592
1885 4 1.9592
1886 4 1.9592
223 4 1.9592
379 19 5.6165
381 31 8.6257
462 21 6.1123
571 14 4.3859
613 9 3.1672
619 19 5.6165
630 6 2.4412
631 6 2.4412
648 5 2.2000
653 13 4.1412
661 5 2.2000
663 9 3.1672
664 9 3.1672
810 12 3.8970
811 12 3.8970
816 5 2.2000
1006 5 2.2000
1735 6 2.4412
2021 6 2.4412
2089 4 1.9592
2269 2 1.4789
277 14 4.3859
1578 9 3.1672
1579 9 3.1672
2150 1 1.2392
2195 2 1.4789
1873 4 1.9592
1874 2 1.4789
1665 8 2.9247
1666 8 2.9247
1667 9 3.1672
1668 9 3.1672
231 12 3.8970
275 9 3.1672
384 29 8.1181
955 24 6.8601
1743 21 6.1123
2317 9 3.1672
2356 8 2.9247
2358 17 5.1227
2360 17 5.1227
2394 8 2.9247
221 11 3.6533
814 8 2.9247
1990 15 4.6310
2230 8 2.9247
2231 6 2.4412
222 9 3.1672
734 9 3.1672
799 5 2.2000
800 5 2.2000
801 5 2.2000
885 5 2.2000
1225 4 1.9592
1364 7 2.6827
1456 9 3.1672
1499 3 1.7189
1992 15 4.6310
2013 4 1.9592
2014 3 1.7189
2015 4 1.9592
2018 4 1.9592
2037 3 1.7189
2038 3 1.7189
2040 3 1.7189
2041 6 2.4412
2042 3 1.7189
1981 10 3.4100
1982 10 3.4100
1983 10 3.4100
2004 7 2.6827
1619 2 1.4789
1620 3 1.7189
1621 2 1.4789
2258 11 3.6533
2259 9 3.1672
2277 6 2.4412
654 12 3.8970
2303 1 1.2392
2384 1 1.2392
2024 3 1.7189
273 18 5.3693
2187 1 1.2392
2255 10 3.4100
893 6 2.4412
1363 8 2.9247
2119 5 2.2000
2171 5 2.2000
1879 4 1.9592
774 15 4.6310
1700 15 4.6310
1701 15 4.6310
1702 15 4.6310
1703 15 4.6310
1991 12 3.8970
2112 8 2.9247
495 10 3.4100
838 13 4.1412
238 5 2.2000
239 5 2.2000
1716 4 1.9592
1717 4 1.9592
1718 4 1.9592
494 6 2.4412
550 3 1.7189
769 4 1.9592
836 5 2.2000
837 6 2.4412
1612 3 1.7189
2424 1 1.2392
432 7 2.6827
327 10 3.4100
329 12 3.8970
330 10 3.4100
1919 4 1.9592
524 18 5.3693
2414 2 1.4789
984 5 2.2000
1591 3 1.7189
1592 3 1.7189
701 7 2.6827
702 7 2.6827
2355 1 1.2392
2366 16 4.8766
2404 2 1.4789
833 6 2.4412
985 5 2.2000
356 4 1.9592
357 4 1.9592
886 3 1.7189
979 3 1.7189
980 3 1.7189
626 12 3.8970
2395 1 1.2392
2396 1 1.2392
262 3 1.7189
263 4 1.9592
1719 3 1.7189
1720 3 1.7189
1708 4 1.9592
1709 4 1.9592
2380 3 1.7189
466 2 1.4789
467 2 1.4789
551 3 1.7189
439 10 3.4100
1613 7 2.6827
1614 7 2.6827
1615 7 2.6827
1616 7 2.6827
1617 7 2.6827
1618 8 2.9247
302 5 2.2000
303 9 3.1672
2186 4 1.9592
1847 2 1.4789
388 3 1.7189
389 3 1.7189
762 15 4.6310
2268 2 1.4789
634 5 2.2000
2137 6 2.4412
1657 2 1.4789
1658 2 1.4789
1694 13 4.1412
1695 13 4.1412
1696 13 4.1412
1697 13 4.1412
1698 13 4.1412
1699 13 4.1412
2359 14 4.3859
2276 4 1.9592
760 5 2.2000
1706 1 1.2392
778 5 2.2000
821 2 1.4789
829 8 2.9247
865 5 2.2000
866 5 2.2000
868 5 2.2000
869 8 2.9247
615 7 2.6827
802 1 1.2392
1918 2 1.4789
2247 1 1.2392
2336 2 1.4789
390 5 2.2000
435 9 3.1672
1654 2 1.4789
2324 2 1.4789
1661 3 1.7189
864 2 1.4789
1467 5 2.2000
1468 5 2.2000
2416 2 1.4789
522 11 3.6533
1659 1 1.2392
511 13 4.1412
519 3 1.7189
1678 3 1.7189
2385 5 2.2000
2386 5 2.2000
1685 2 1.4789
1686 4 1.9592
2365 2 1.4789
1375 2 1.4789
1376 2 1.4789
1605 4 1.9592
1767 13 4.1412
1768 13 4.1412
1769 13 4.1412
1770 13 4.1412
1771 13 4.1412
1772 13 4.1412
724 10 3.4100
725 9 3.1672
726 4 1.9592
757 3 1.7189
758 3 1.7189
590 9 3.1672
591 11 3.6533
1759 1 1.2392
555 2 1.4789
1815 18 5.3693
1824 8 2.9247
1825 18 5.3693
1826 9 3.1672
1827 8 2.9247
1830 10 3.4100
1831 10 3.4100
2050 12 3.8970
2051 12 3.8970
2056 12 3.8970
662 7 2.6827
1500 6 2.4412
2120 5 2.2000
2278 2 1.4789
1711 4 1.9592
1570 8 2.9247
894 2 1.4789
895 7 2.6827
896 7 2.6827
897 7 2.6827
898 7 2.6827
899 7 2.6827
900 7 2.6827
901 7 2.6827
902 7 2.6827
1492 1 1.2392
2216 10 3.4100
749 1 1.2392
433 4 1.9592
1722 8 2.9247
589 4 1.9592
1721 4 1.9592
597 7 2.6827
1733 4 1.9592
1850 2 1.4789
1851 2 1.4789
1853 9 3.1672
2341 3 1.7189
2342 3 1.7189
442 3 1.7189
443 3 1.7189
1761 2 1.4789
772 5 2.2000
1610 4 1.9592
2217 6 2.4412
2218 6 2.4412
2263 3 1.7189
2264 3 1.7189
1662 1 1.2392
2337 1 1.2392
2338 3 1.7189
2339 3 1.7189
2340 3 1.7189
2027 1 1.2392
1533 24 6.8601
1534 24 6.8601
1535 24 6.8601
1536 25 7.1105
1537 26 7.3615
1538 26 7.3615
1539 28 7.8653
1849 8 2.9247
2107 18 5.3693
2302 9 3.1672
719 8 2.9247
1304 5 2.2000
1305 22 6.3610
1339 5 2.2000
1340 8 2.9247
1400 5 2.2000
1848 3 1.7189
1877 5 2.2000
1870 1 1.2392
1875 4 1.9592
792 9 3.1672
965 9 3.1672
2405 2 1.4789
482 4 1.9592
483 7 2.6827
484 6 2.4412
488 5 2.2000
486 4 1.9592
487 7 2.6827
489 2 1.4789
595 6 2.4412
873 2 1.4789
791 5 2.2000
793 5 2.2000
794 5 2.2000
831 3 1.7189
832 3 1.7189
834 1 1.2392
843 6 2.4412
844 6 2.4412
845 6 2.4412
1727 2 1.4789
867 3 1.7189
2318 1 1.2392
2391 3 1.7189
2392 3 1.7189
717 1 1.2392
526 4 1.9592
956 3 1.7189
957 3 1.7189
596 7 2.6827
549 1 1.2392
959 1 1.2392
1731 1 1.2392
1933 16 4.8766
1987 4 1.9592
577 2 1.4789
2397 3 1.7189
2325 4 1.9592
2326 4 1.9592
2327 4 1.9592
2328 4 1.9592
1732 3 1.7189
1461 1 1.2392
1948 3 1.7189
2100 2 1.4789
2101 2 1.4789
2102 2 1.4789
1950 7 2.6827
1757 3 1.7189
598 6 2.4412
599 6 2.4412
1738 17 5.1227
1739 17 5.1227
755 4 1.9592
647 15 4.6310
618 1 1.2392
754 4 1.9592
2030 2 1.4789
2031 2 1.4789
2292 1 1.2392
2293 1 1.2392
2282 1 1.2392
752 2 1.4789
872 2 1.4789
903 9 3.1672
1834 1 1.2392
1920 2 1.4789
1921 2 1.4789
2174 3 1.7189
1374 13 4.1412
1660 1 1.2392
2039 1 1.2392
2148 4 1.9592
2149 4 1.9592
2034 1 1.2392
1443 2 1.4789
1734 2 1.4789
1736 2 1.4789
857 3 1.7189
721 5 2.2000
1760 3 1.7189
1206 5 2.2000
1207 5 2.2000
1820 2 1.4789
1866 3 1.7189
1965 1 1.2392
1966 2 1.4789
2172 9 3.1672
1235 8 2.9247
803 2 1.4789
804 2 1.4789
839 2 1.4789
879 2 1.4789
880 2 1.4789
1707 3 1.7189
775 1 1.2392
777 3 1.7189
2321 3 1.7189
2322 3 1.7189
781 1 1.2392
817 1 1.2392
1586 4 1.9592
824 3 1.7189
1602 2 1.4789
1603 2 1.4789
840 1 1.2392
1756 1 1.2392
1969 7 2.6827
908 8 2.9247
909 8 2.9247
1755 3 1.7189
848 1 1.2392
1758 1 1.2392
888 2 1.4789
889 2 1.4789
1453 4 1.9592
2043 2 1.4789
2044 2 1.4789
1762 5 2.2000
1763 5 2.2000
1764 5 2.2000
1765 5 2.2000
1766 5 2.2000
920 3 1.7189
932 2 1.4789
1121 1 1.2392
925 4 1.9592
926 4 1.9592
927 4 1.9592
928 4 1.9592
930 2 1.4789
945 3 1.7189
946 3 1.7189
1238 1 1.2392
940 1 1.2392
944 2 1.4789
1228 1 1.2392
950 7 2.6827
951 7 2.6827
952 7 2.6827
1393 6 2.4412
1394 6 2.4412
1395 6 2.4412
1396 6 2.4412
1737 1 1.2392
966 1 1.2392
991 1 1.2392
992 1 1.2392
993 1 1.2392
994 1 1.2392
995 1 1.2392
996 1 1.2392
997 1 1.2392
998 1 1.2392
999 3 1.7189
1000 3 1.7189
1001 3 1.7189
1002 3 1.7189
1003 1 1.2392
1004 1 1.2392
1005 1 1.2392
1780 1 1.2392
1007 1 1.2392
1008 1 1.2392
1009 1 1.2392
1010 1 1.2392
1011 1 1.2392
1012 1 1.2392
1013 1 1.2392
1014 1 1.2392
1015 1 1.2392
1016 1 1.2392
1017 2 1.4789
1018 2 1.4789
1019 3 1.7189
1783 2 1.4789
1020 2 1.4789
1021 2 1.4789
1022 2 1.4789
1023 1 1.2392
1024 1 1.2392
1025 2 1.4789
1026 2 1.4789
1027 2 1.4789
1028 1 1.2392
1029 2 1.4789
1577 8 2.9247
1030 1 1.2392
1031 1 1.2392
1032 1 1.2392
1033 2 1.4789
1036 4 1.9592
1034 2 1.4789
1035 2 1.4789
1787 1 1.2392
1037 2 1.4789
1038 2 1.4789
1039 2 1.4789
1040 1 1.2392
1041 1 1.2392
1042 4 1.9592
1043 4 1.9592
1044 4 1.9592
1045 4 1.9592
1046 4 1.9592
1047 1 1.2392
1048 1 1.2392
1049 1 1.2392
1050 1 1.2392
1051 1 1.2392
1052 1 1.2392
1053 1 1.2392
1054 1 1.2392
1055 1 1.2392
1056 1 1.2392
1057 1 1.2392
1058 1 1.2392
1059 1 1.2392
1060 1 1.2392
1061 2 1.4789
1062 2 1.4789
1063 2 1.4789
1064 1 1.2392
1065 1 1.2392
1066 2 1.4789
1067 2 1.4789
1068 2 1.4789
1069 3 1.7189
1070 3 1.7189
1071 3 1.7189
1072 3 1.7189
1073 1 1.2392
1074 1 1.2392
1075 2 1.4789
1076 2 1.4789
1077 2 1.4789
1079 1 1.2392
1080 1 1.2392
1081 1 1.2392
1082 1 1.2392
1083 4 1.9592
1084 4 1.9592
1085 4 1.9592
1086 4 1.9592
1087 5 2.2000
1785 2 1.4789
1088 16 4.8766
1089 16 4.8766
1090 16 4.8766
1091 16 4.8766
1092 16 4.8766
1093 16 4.8766
1094 16 4.8766
1095 16 4.8766
1096 17 5.1227
1097 17 5.1227
1098 17 5.1227
1099 17 5.1227
1100 17 5.1227
1101 17 5.1227
1102 17 5.1227
1103 17 5.1227
1104 17 5.1227
1105 4 1.9592
1106 4 1.9592
1107 4 1.9592
1108 4 1.9592
1109 4 1.9592
1110 2 1.4789
1111 4 1.9592
1112 4 1.9592
1140 6 2.4412
1141 6 2.4412
1113 1 1.2392
1114 1 1.2392
1115 1 1.2392
1116 1 1.2392
1117 1 1.2392
1118 1 1.2392
1119 1 1.2392
1120 1 1.2392
1122 2 1.4789
1123 2 1.4789
1124 2 1.4789
1125 2 1.4789
1126 2 1.4789
1127 2 1.4789
1128 1 1.2392
1129 1 1.2392
1130 1 1.2392
1131 5 2.2000
1574 8 2.9247
1575 8 2.9247
1576 8 2.9247
1132 4 1.9592
1133 4 1.9592
1134 4 1.9592
1135 4 1.9592
1136 4 1.9592
1137 4 1.9592
1138 4 1.9592
1139 4 1.9592
1142 4 1.9592
1143 4 1.9592
1144 4 1.9592
1145 4 1.9592
1146 4 1.9592
1147 1 1.2392
1148 1 1.2392
1149 3 1.7189
1153 1 1.2392
1154 1 1.2392
1155 3 1.7189
1156 3 1.7189
1157 3 1.7189
1158 3 1.7189
1160 5 2.2000
1161 5 2.2000
1162 5 2.2000
1163 5 2.2000
1164 5 2.2000
1165 6 2.4412
1178 4 1.9592
1166 5 2.2000
1167 5 2.2000
1168 5 2.2000
1169 5 2.2000
1170 5 2.2000
1171 5 2.2000
1172 1 1.2392
1173 1 1.2392
1174 1 1.2392
1175 1 1.2392
1176 2 1.4789
1177 3 1.7189
1809 2 1.4789
1179 1 1.2392
1181 2 1.4789
1182 2 1.4789
1183 2 1.4789
1184 2 1.4789
1185 2 1.4789
1186 2 1.4789
1187 1 1.2392
1188 1 1.2392
1189 7 2.6827
1190 7 2.6827
1191 7 2.6827
1192 7 2.6827
1193 7 2.6827
1194 7 2.6827
1195 7 2.6827
1196 7 2.6827
1197 1 1.2392
1198 1 1.2392
1199 3 1.7189
1200 3 1.7189
1201 3 1.7189
1202 3 1.7189
1203 4 1.9592
1204 4 1.9592
1205 4 1.9592
1208 1 1.2392
1209 1 1.2392
1211 1 1.2392
1212 1 1.2392
1213 1 1.2392
1214 2 1.4789
1821 1 1.2392
1215 1 1.2392
1216 1 1.2392
1217 1 1.2392
1218 1 1.2392
1219 1 1.2392
1220 1 1.2392
1221 2 1.4789
1222 2 1.4789
1223 2 1.4789
1224 1 1.2392
1226 1 1.2392
1227 2 1.4789
1229 6 2.4412
1230 6 2.4412
1231 8 2.9247
1232 7 2.6827
1233 9 3.1672
1234 7 2.6827
1788 1 1.2392
1789 3 1.7189
1398 5 2.2000
1790 1 1.2392
1236 1 1.2392
1237 1 1.2392
1239 1 1.2392
1240 1 1.2392
1241 3 1.7189
1242 3 1.7189
1243 3 1.7189
1244 3 1.7189
1245 2 1.4789
1246 2 1.4789
1247 2 1.4789
1248 2 1.4789
1249 2 1.4789
1250 2 1.4789
1251 2 1.4789
1252 2 1.4789
1253 2 1.4789
1254 1 1.2392
1255 1 1.2392
1256 1 1.2392
1257 1 1.2392
1259 1 1.2392
1260 1 1.2392
1261 1 1.2392
1262 1 1.2392
1263 3 1.7189
1264 3 1.7189
1265 3 1.7189
1266 3 1.7189
1267 4 1.9592
1268 4 1.9592
1269 4 1.9592
1270 4 1.9592
1271 4 1.9592
1273 2 1.4789
1274 2 1.4789
1275 2 1.4789
1276 2 1.4789
1277 2 1.4789
1278 2 1.4789
1279 1 1.2392
1280 1 1.2392
1281 1 1.2392
1282 1 1.2392
1283 2 1.4789
1287 3 1.7189
1286 1 1.2392
1288 12 3.8970
1289 12 3.8970
1290 12 3.8970
1291 12 3.8970
1292 12 3.8970
1293 12 3.8970
1294 12 3.8970
1295 12 3.8970
1296 12 3.8970
1297 12 3.8970
1298 12 3.8970
1299 12 3.8970
1300 12 3.8970
1301 1 1.2392
1302 2 1.4789
1303 2 1.4789
1902 16 4.8766
1903 16 4.8766
1904 16 4.8766
1905 16 4.8766
1906 16 4.8766
1907 16 4.8766
1306 2 1.4789
1307 2 1.4789
1309 2 1.4789
1310 4 1.9592
1810 2 1.4789
1811 2 1.4789
1862 2 1.4789
1312 2 1.4789
1313 2 1.4789
1315 3 1.7189
1316 3 1.7189
1317 3 1.7189
1318 6 2.4412
2009 1 1.2392
1319 15 4.6310
1320 15 4.6310
1321 15 4.6310
1322 15 4.6310
1323 23 6.6103
1324 23 6.6103
1325 23 6.6103
1326 23 6.6103
1835 19 5.6165
1836 19 5.6165
1837 19 5.6165
1838 19 5.6165
1839 19 5.6165
1840 19 5.6165
1841 19 5.6165
1842 19 5.6165
1335 1 1.2392
1337 1 1.2392
1338 1 1.2392
1341 4 1.9592
1342 4 1.9592
1343 4 1.9592
1344 4 1.9592
1345 4 1.9592
1346 1 1.2392
1348 1 1.2392
1349 2 1.4789
2279 1 1.2392
1350 1 1.2392
1351 1 1.2392
1352 1 1.2392
1354 2 1.4789
1355 2 1.4789
1356 2 1.4789
1357 1 1.2392
1358 1 1.2392
1359 1 1.2392
1360 1 1.2392
1361 4 1.9592
1362 4 1.9592
1366 2 1.4789
1367 2 1.4789
1368 2 1.4789
1369 1 1.2392
1370 1 1.2392
1371 1 1.2392
1372 1 1.2392
1373 1 1.2392
1377 1 1.2392
1378 1 1.2392
1379 1 1.2392
1380 1 1.2392
1381 1 1.2392
1382 1 1.2392
1383 1 1.2392
1384 1 1.2392
1385 2 1.4789
1386 2 1.4789
1387 2 1.4789
1388 4 1.9592
1389 4 1.9592
1397 1 1.2392
1399 1 1.2392
1401 1 1.2392
1402 1 1.2392
1403 1 1.2392
1405 1 1.2392
1406 1 1.2392
1407 1 1.2392
1408 1 1.2392
1410 4 1.9592
1411 8 2.9247
1956 13 4.1412
1416 1 1.2392
1417 3 1.7189
1989 8 2.9247
1418 2 1.4789
1419 3 1.7189
1688 8 2.9247
1689 8 2.9247
1423 10 3.4100
1424 10 3.4100
1425 10 3.4100
1440 1 1.2392
1441 1 1.2392
1442 1 1.2392
1444 1 1.2392
1445 1 1.2392
1446 3 1.7189
1447 3 1.7189
1448 3 1.7189
1450 1 1.2392
1451 1 1.2392
1457 1 1.2392
1458 3 1.7189
2060 8 2.9247
2061 8 2.9247
1459 1 1.2392
1462 1 1.2392
2104 1 1.2392
1464 1 1.2392
1465 1 1.2392
1466 3 1.7189
2182 12 3.8970
1470 3 1.7189
1471 3 1.7189
1472 3 1.7189
1473 3 1.7189
1474 1 1.2392
1475 1 1.2392
1476 5 2.2000
1477 5 2.2000
1478 5 2.2000
1479 5 2.2000
1480 5 2.2000
1482 4 1.9592
1483 4 1.9592
2117 4 1.9592
2118 4 1.9592
1487 1 1.2392
1489 2 1.4789
1490 2 1.4789
1493 1 1.2392
1494 1 1.2392
1495 2 1.4789
1496 2 1.4789
1497 2 1.4789
1498 1 1.2392
1505 3 1.7189
1506 3 1.7189
1507 3 1.7189
1508 3 1.7189
1509 1 1.2392
1510 1 1.2392
1813 9 3.1672
1814 10 3.4100
1522 1 1.2392
1524 2 1.4789
1525 2 1.4789
1526 3 1.7189
1527 3 1.7189
1531 1 1.2392
1532 1 1.2392
1545 2 1.4789
1546 2 1.4789
1547 2 1.4789
1548 2 1.4789
1549 2 1.4789
1551 2 1.4789
1552 2 1.4789
1554 4 1.9592
1555 4 1.9592
1556 4 1.9592
1557 4 1.9592
1558 4 1.9592
1559 1 1.2392
1560 1 1.2392
1561 1 1.2392
1562 1 1.2392
1563 1 1.2392
1564 2 1.4789
1565 6 2.4412
1566 6 2.4412
1567 6 2.4412
1568 6 2.4412
1569 6 2.4412
1572 7 2.6827
1573 7 2.6827
1580 1 1.2392
1581 2 1.4789
1791 6 2.4412
1792 6 2.4412
1793 6 2.4412
1794 6 2.4412
1795 6 2.4412
1796 6 2.4412
1585 1 1.2392
2206 9 3.1672
1587 3 1.7189
1588 3 1.7189
1589 3 1.7189
1590 3 1.7189
1593 6 2.4412
1594 6 2.4412
1595 6 2.4412
1600 1 1.2392
1601 1 1.2392
1604 2 1.4789
1607 2 1.4789
1608 2 1.4789
1609 2 1.4789
1611 1 1.2392
1622 1 1.2392
1623 2 1.4789
2281 1 1.2392
1624 1 1.2392
1625 1 1.2392
1626 1 1.2392
1627 1 1.2392
1628 4 1.9592
1629 4 1.9592
1630 4 1.9592
1631 4 1.9592
1633 2 1.4789
1634 2 1.4789
1635 2 1.4789
1636 1 1.2392
1637 1 1.2392
1638 2 1.4789
1639 2 1.4789
1640 2 1.4789
1641 1 1.2392
1642 2 1.4789
2294 1 1.2392
1643 5 2.2000
1644 5 2.2000
1645 5 2.2000
1649 1 1.2392
1650 1 1.2392
1651 2 1.4789
1655 1 1.2392
1656 1 1.2392
1663 5 2.2000
1664 5 2.2000
1669 1 1.2392
1670 1 1.2392
1671 2 1.4789
1672 2 1.4789
1674 3 1.7189
1680 4 1.9592
1681 4 1.9592
1682 4 1.9592
1683 4 1.9592
1684 4 1.9592
1687 5 2.2000
1690 7 2.6827
2387 4 1.9592
2388 4 1.9592
2389 4 1.9592
2390 4 1.9592
1693 12 3.8970
1725 1 1.2392
1726 1 1.2392
1729 1 1.2392
1730 1 1.2392
1744 2 1.4789
1745 2 1.4789
1746 2 1.4789
1753 1 1.2392
1754 1 1.2392
1776 1 1.2392
1777 1 1.2392
1778 1 1.2392
1779 1 1.2392
1781 1 1.2392
1782 1 1.2392
1784 1 1.2392
1786 1 1.2392
1797 2 1.4789
1798 2 1.4789
1799 3 1.7189
1800 1 1.2392
1801 1 1.2392
1802 1 1.2392
1803 2 1.4789
1804 2 1.4789
1805 2 1.4789
1806 2 1.4789
1807 3 1.7189
1843 4 1.9592
1844 4 1.9592
1812 1 1.2392
1819 5 2.2000
1822 6 2.4412
1816 3 1.7189
1817 3 1.7189
1818 3 1.7189
1845 3 1.7189
1864 1 1.2392
1865 1 1.2392
1867 1 1.2392
1880 1 1.2392
1984 18 5.3693
1985 18 5.3693
1986 17 5.1227
2108 13 4.1412
2109 13 4.1412
2110 13 4.1412
1922 1 1.2392
1924 4 1.9592
1925 4 1.9592
1926 4 1.9592
1927 4 1.9592
1928 4 1.9592
1945 1 1.2392
1947 1 1.2392
1949 1 1.2392
1953 9 3.1672
1979 6 2.4412
1980 6 2.4412
2106 6 2.4412
2178 17 5.1227
2179 9 3.1672
2180 9 3.1672
2184 16 4.8766
1994 4 1.9592
1993 3 1.7189
1995 3 1.7189
1996 3 1.7189
2003 2 1.4789
2006 2 1.4789
2008 2 1.4789
2029 3 1.7189
2028 1 1.2392
2048 8 2.9247
2049 8 2.9247
2057 1 1.2392
2058 1 1.2392
2059 2 1.4789
2063 2 1.4789
2161 1 1.2392
2121 6 2.4412
2122 6 2.4412
2123 4 1.9592
2124 6 2.4412
2125 5 2.2000
2126 5 2.2000
2127 6 2.4412
2135 1 1.2392
2229 1 1.2392
2273 6 2.4412
2143 4 1.9592
2144 4 1.9592
2145 4 1.9592
2146 4 1.9592
2147 4 1.9592
2162 1 1.2392
2163 1 1.2392
2173 1 1.2392
2223 1 1.2392
2238 2 1.4789
2270 5 2.2000
2271 5 2.2000
2272 5 2.2000
2274 5 2.2000
2275 5 2.2000
2312 5 2.2000
2313 5 2.2000
2314 5 2.2000
2315 5 2.2000
2316 5 2.2000
2347 2 1.4789
2367 2 1.4789
2368 2 1.4789
