Algorithm name: DPSO
Input file: soc-wiki-Vote.mtx
Budget: 200
Number of Nodes: 889
k: 40
Iterations: 100
Search Agents: 50

Run 1:
Best Seed Set: [581, 123, 170, 684, 707, 457, 766, 130, 67, 762, 89, 273, 786, 5, 95, 753, 447, 617, 293, 428, 676, 568, 199, 453, 227, 8, 119, 565, 871, 274, 614, 750, 57, 709, 259, 765, 63, 393, 413, 830]
Best Seed Set Cost: 195.0561
Best Fitness Value (LIE): 291.4120
Spread: 634.479
Convergence Curve: [278.31694049815474, 282.9790818390976, 282.9790818390976, 291.41195797934506, 291.41195797934506, 291.41195797934506, 291.41195797934506, 291.41195797934506, 291.41195797934506, 291.41195797934506, 291.41195797934506, 291.41195797934506, 291.41195797934506, 291.41195797934506, 291.41195797934506, 291.41195797934506, 291.41195797934506, 291.41195797934506, 291.41195797934506, 291.41195797934506, 291.41195797934506, 291.41195797934506, 291.41195797934506, 291.41195797934506, 291.41195797934506, 291.41195797934506, 291.41195797934506, 291.41195797934506, 291.41195797934506, 291.41195797934506, 291.41195797934506, 291.41195797934506, 291.41195797934506, 291.41195797934506, 291.41195797934506, 291.41195797934506, 291.41195797934506, 291.41195797934506, 291.41195797934506, 291.41195797934506, 291.41195797934506, 291.41195797934506, 291.41195797934506, 291.41195797934506, 291.41195797934506, 291.41195797934506, 291.41195797934506, 291.41195797934506, 291.41195797934506, 291.41195797934506, 291.41195797934506, 291.41195797934506, 291.41195797934506, 291.41195797934506, 291.41195797934506, 291.41195797934506, 291.41195797934506, 291.41195797934506, 291.41195797934506, 291.41195797934506, 291.41195797934506, 291.41195797934506, 291.41195797934506, 291.41195797934506, 291.41195797934506, 291.41195797934506, 291.41195797934506, 291.41195797934506, 291.41195797934506, 291.41195797934506, 291.41195797934506, 291.41195797934506, 291.41195797934506, 291.41195797934506, 291.41195797934506, 291.41195797934506, 291.41195797934506, 291.41195797934506, 291.41195797934506, 291.41195797934506, 291.41195797934506, 291.41195797934506, 291.41195797934506, 291.41195797934506, 291.41195797934506, 291.41195797934506, 291.41195797934506, 291.41195797934506, 291.41195797934506, 291.41195797934506, 291.41195797934506, 291.41195797934506, 291.41195797934506, 291.41195797934506, 291.41195797934506, 291.41195797934506, 291.41195797934506, 291.41195797934506, 291.41195797934506, 291.41195797934506]
Execution Time: 443.6487 seconds

Run 2:
Best Seed Set: [431, 169, 727, 153, 231, 549, 550, 143, 736, 762, 95, 746, 123, 383, 884, 230, 30, 409, 41, 529, 475, 13, 861, 610, 449, 8, 690, 626, 433, 508, 856, 152, 769, 788, 259, 237, 285, 726, 262, 410]
Best Seed Set Cost: 197.5828
Best Fitness Value (LIE): 292.8237
Spread: 631.737
Convergence Curve: [288.6685959663015, 292.82367384779604, 292.82367384779604, 292.82367384779604, 292.82367384779604, 292.82367384779604, 292.82367384779604, 292.82367384779604, 292.82367384779604, 292.82367384779604, 292.82367384779604, 292.82367384779604, 292.82367384779604, 292.82367384779604, 292.82367384779604, 292.82367384779604, 292.82367384779604, 292.82367384779604, 292.82367384779604, 292.82367384779604, 292.82367384779604, 292.82367384779604, 292.82367384779604, 292.82367384779604, 292.82367384779604, 292.82367384779604, 292.82367384779604, 292.82367384779604, 292.82367384779604, 292.82367384779604, 292.82367384779604, 292.82367384779604, 292.82367384779604, 292.82367384779604, 292.82367384779604, 292.82367384779604, 292.82367384779604, 292.82367384779604, 292.82367384779604, 292.82367384779604, 292.82367384779604, 292.82367384779604, 292.82367384779604, 292.82367384779604, 292.82367384779604, 292.82367384779604, 292.82367384779604, 292.82367384779604, 292.82367384779604, 292.82367384779604, 292.82367384779604, 292.82367384779604, 292.82367384779604, 292.82367384779604, 292.82367384779604, 292.82367384779604, 292.82367384779604, 292.82367384779604, 292.82367384779604, 292.82367384779604, 292.82367384779604, 292.82367384779604, 292.82367384779604, 292.82367384779604, 292.82367384779604, 292.82367384779604, 292.82367384779604, 292.82367384779604, 292.82367384779604, 292.82367384779604, 292.82367384779604, 292.82367384779604, 292.82367384779604, 292.82367384779604, 292.82367384779604, 292.82367384779604, 292.82367384779604, 292.82367384779604, 292.82367384779604, 292.82367384779604, 292.82367384779604, 292.82367384779604, 292.82367384779604, 292.82367384779604, 292.82367384779604, 292.82367384779604, 292.82367384779604, 292.82367384779604, 292.82367384779604, 292.82367384779604, 292.82367384779604, 292.82367384779604, 292.82367384779604, 292.82367384779604, 292.82367384779604, 292.82367384779604, 292.82367384779604, 292.82367384779604, 292.82367384779604, 292.82367384779604]
Execution Time: 441.1083 seconds

Run 3:
Best Seed Set: [159, 370, 170, 256, 399, 429, 302, 43, 792, 762, 559, 635, 697, 790, 482, 230, 485, 37, 20, 869, 55, 667, 147, 453, 639, 8, 690, 741, 433, 290, 340, 750, 57, 709, 259, 884, 285, 696, 243, 457]
Best Seed Set Cost: 192.6507
Best Fitness Value (LIE): 298.3485
Spread: 631.001
Convergence Curve: [283.1919854000188, 298.3484579085421, 298.3484579085421, 298.3484579085421, 298.3484579085421, 298.3484579085421, 298.3484579085421, 298.3484579085421, 298.3484579085421, 298.3484579085421, 298.3484579085421, 298.3484579085421, 298.3484579085421, 298.3484579085421, 298.3484579085421, 298.3484579085421, 298.3484579085421, 298.3484579085421, 298.3484579085421, 298.3484579085421, 298.3484579085421, 298.3484579085421, 298.3484579085421, 298.3484579085421, 298.3484579085421, 298.3484579085421, 298.3484579085421, 298.3484579085421, 298.3484579085421, 298.3484579085421, 298.3484579085421, 298.3484579085421, 298.3484579085421, 298.3484579085421, 298.3484579085421, 298.3484579085421, 298.3484579085421, 298.3484579085421, 298.3484579085421, 298.3484579085421, 298.3484579085421, 298.3484579085421, 298.3484579085421, 298.3484579085421, 298.3484579085421, 298.3484579085421, 298.3484579085421, 298.3484579085421, 298.3484579085421, 298.3484579085421, 298.3484579085421, 298.3484579085421, 298.3484579085421, 298.3484579085421, 298.3484579085421, 298.3484579085421, 298.3484579085421, 298.3484579085421, 298.3484579085421, 298.3484579085421, 298.3484579085421, 298.3484579085421, 298.3484579085421, 298.3484579085421, 298.3484579085421, 298.3484579085421, 298.3484579085421, 298.3484579085421, 298.3484579085421, 298.3484579085421, 298.3484579085421, 298.3484579085421, 298.3484579085421, 298.3484579085421, 298.3484579085421, 298.3484579085421, 298.3484579085421, 298.3484579085421, 298.3484579085421, 298.3484579085421, 298.3484579085421, 298.3484579085421, 298.3484579085421, 298.3484579085421, 298.3484579085421, 298.3484579085421, 298.3484579085421, 298.3484579085421, 298.3484579085421, 298.3484579085421, 298.3484579085421, 298.3484579085421, 298.3484579085421, 298.3484579085421, 298.3484579085421, 298.3484579085421, 298.3484579085421, 298.3484579085421, 298.3484579085421, 298.3484579085421]
Execution Time: 435.0634 seconds

Run 4:
Best Seed Set: [257, 761, 170, 110, 602, 204, 550, 416, 769, 762, 201, 732, 54, 380, 490, 247, 747, 617, 272, 797, 181, 236, 77, 183, 449, 8, 444, 147, 806, 404, 582, 750, 216, 709, 259, 864, 711, 825, 710, 568]
Best Seed Set Cost: 199.1309
Best Fitness Value (LIE): 302.4103
Spread: 631.453
Convergence Curve: [302.41032943562925, 302.41032943562925, 302.41032943562925, 302.41032943562925, 302.41032943562925, 302.41032943562925, 302.41032943562925, 302.41032943562925, 302.41032943562925, 302.41032943562925, 302.41032943562925, 302.41032943562925, 302.41032943562925, 302.41032943562925, 302.41032943562925, 302.41032943562925, 302.41032943562925, 302.41032943562925, 302.41032943562925, 302.41032943562925, 302.41032943562925, 302.41032943562925, 302.41032943562925, 302.41032943562925, 302.41032943562925, 302.41032943562925, 302.41032943562925, 302.41032943562925, 302.41032943562925, 302.41032943562925, 302.41032943562925, 302.41032943562925, 302.41032943562925, 302.41032943562925, 302.41032943562925, 302.41032943562925, 302.41032943562925, 302.41032943562925, 302.41032943562925, 302.41032943562925, 302.41032943562925, 302.41032943562925, 302.41032943562925, 302.41032943562925, 302.41032943562925, 302.41032943562925, 302.41032943562925, 302.41032943562925, 302.41032943562925, 302.41032943562925, 302.41032943562925, 302.41032943562925, 302.41032943562925, 302.41032943562925, 302.41032943562925, 302.41032943562925, 302.41032943562925, 302.41032943562925, 302.41032943562925, 302.41032943562925, 302.41032943562925, 302.41032943562925, 302.41032943562925, 302.41032943562925, 302.41032943562925, 302.41032943562925, 302.41032943562925, 302.41032943562925, 302.41032943562925, 302.41032943562925, 302.41032943562925, 302.41032943562925, 302.41032943562925, 302.41032943562925, 302.41032943562925, 302.41032943562925, 302.41032943562925, 302.41032943562925, 302.41032943562925, 302.41032943562925, 302.41032943562925, 302.41032943562925, 302.41032943562925, 302.41032943562925, 302.41032943562925, 302.41032943562925, 302.41032943562925, 302.41032943562925, 302.41032943562925, 302.41032943562925, 302.41032943562925, 302.41032943562925, 302.41032943562925, 302.41032943562925, 302.41032943562925, 302.41032943562925, 302.41032943562925, 302.41032943562925, 302.41032943562925, 302.41032943562925]
Execution Time: 445.3898 seconds

Run 5:
Best Seed Set: [241, 338, 170, 361, 478, 204, 550, 733, 736, 147, 774, 802, 798, 879, 482, 302, 582, 617, 562, 504, 441, 819, 834, 512, 309, 8, 541, 796, 433, 545, 699, 750, 57, 527, 312, 237, 668, 317, 503, 410]
Best Seed Set Cost: 193.7874
Best Fitness Value (LIE): 291.4794
Spread: 631.858
Convergence Curve: [288.8803069114147, 291.4793673357964, 291.4793673357964, 291.4793673357964, 291.4793673357964, 291.4793673357964, 291.4793673357964, 291.4793673357964, 291.4793673357964, 291.4793673357964, 291.4793673357964, 291.4793673357964, 291.4793673357964, 291.4793673357964, 291.4793673357964, 291.4793673357964, 291.4793673357964, 291.4793673357964, 291.4793673357964, 291.4793673357964, 291.4793673357964, 291.4793673357964, 291.4793673357964, 291.4793673357964, 291.4793673357964, 291.4793673357964, 291.4793673357964, 291.4793673357964, 291.4793673357964, 291.4793673357964, 291.4793673357964, 291.4793673357964, 291.4793673357964, 291.4793673357964, 291.4793673357964, 291.4793673357964, 291.4793673357964, 291.4793673357964, 291.4793673357964, 291.4793673357964, 291.4793673357964, 291.4793673357964, 291.4793673357964, 291.4793673357964, 291.4793673357964, 291.4793673357964, 291.4793673357964, 291.4793673357964, 291.4793673357964, 291.4793673357964, 291.4793673357964, 291.4793673357964, 291.4793673357964, 291.4793673357964, 291.4793673357964, 291.4793673357964, 291.4793673357964, 291.4793673357964, 291.4793673357964, 291.4793673357964, 291.4793673357964, 291.4793673357964, 291.4793673357964, 291.4793673357964, 291.4793673357964, 291.4793673357964, 291.4793673357964, 291.4793673357964, 291.4793673357964, 291.4793673357964, 291.4793673357964, 291.4793673357964, 291.4793673357964, 291.4793673357964, 291.4793673357964, 291.4793673357964, 291.4793673357964, 291.4793673357964, 291.4793673357964, 291.4793673357964, 291.4793673357964, 291.4793673357964, 291.4793673357964, 291.4793673357964, 291.4793673357964, 291.4793673357964, 291.4793673357964, 291.4793673357964, 291.4793673357964, 291.4793673357964, 291.4793673357964, 291.4793673357964, 291.4793673357964, 291.4793673357964, 291.4793673357964, 291.4793673357964, 291.4793673357964, 291.4793673357964, 291.4793673357964, 291.4793673357964]
Execution Time: 444.4847 seconds

Run 6:
Best Seed Set: [69, 273, 491, 25, 558, 204, 805, 314, 188, 762, 697, 635, 234, 135, 455, 509, 447, 498, 340, 818, 538, 99, 199, 80, 449, 8, 1, 339, 469, 545, 856, 750, 57, 426, 791, 237, 257, 726, 641, 54]
Best Seed Set Cost: 199.7310
Best Fitness Value (LIE): 300.1813
Spread: 636.677
Convergence Curve: [300.1812875780009, 300.1812875780009, 300.1812875780009, 300.1812875780009, 300.1812875780009, 300.1812875780009, 300.1812875780009, 300.1812875780009, 300.1812875780009, 300.1812875780009, 300.1812875780009, 300.1812875780009, 300.1812875780009, 300.1812875780009, 300.1812875780009, 300.1812875780009, 300.1812875780009, 300.1812875780009, 300.1812875780009, 300.1812875780009, 300.1812875780009, 300.1812875780009, 300.1812875780009, 300.1812875780009, 300.1812875780009, 300.1812875780009, 300.1812875780009, 300.1812875780009, 300.1812875780009, 300.1812875780009, 300.1812875780009, 300.1812875780009, 300.1812875780009, 300.1812875780009, 300.1812875780009, 300.1812875780009, 300.1812875780009, 300.1812875780009, 300.1812875780009, 300.1812875780009, 300.1812875780009, 300.1812875780009, 300.1812875780009, 300.1812875780009, 300.1812875780009, 300.1812875780009, 300.1812875780009, 300.1812875780009, 300.1812875780009, 300.1812875780009, 300.1812875780009, 300.1812875780009, 300.1812875780009, 300.1812875780009, 300.1812875780009, 300.1812875780009, 300.1812875780009, 300.1812875780009, 300.1812875780009, 300.1812875780009, 300.1812875780009, 300.1812875780009, 300.1812875780009, 300.1812875780009, 300.1812875780009, 300.1812875780009, 300.1812875780009, 300.1812875780009, 300.1812875780009, 300.1812875780009, 300.1812875780009, 300.1812875780009, 300.1812875780009, 300.1812875780009, 300.1812875780009, 300.1812875780009, 300.1812875780009, 300.1812875780009, 300.1812875780009, 300.1812875780009, 300.1812875780009, 300.1812875780009, 300.1812875780009, 300.1812875780009, 300.1812875780009, 300.1812875780009, 300.1812875780009, 300.1812875780009, 300.1812875780009, 300.1812875780009, 300.1812875780009, 300.1812875780009, 300.1812875780009, 300.1812875780009, 300.1812875780009, 300.1812875780009, 300.1812875780009, 300.1812875780009, 300.1812875780009, 300.1812875780009]
Execution Time: 443.7660 seconds

Run 7:
Best Seed Set: [431, 273, 389, 167, 58, 144, 311, 121, 178, 182, 314, 348, 608, 778, 223, 843, 761, 331, 29, 399, 538, 575, 813, 548, 386, 501, 816, 829, 8, 94, 856, 219, 57, 709, 117, 237, 603, 210, 807, 366]
Best Seed Set Cost: 191.5940
Best Fitness Value (LIE): 286.1581
Spread: 633.875
Convergence Curve: [282.8818746410184, 282.8818746410184, 286.1580506079385, 286.1580506079385, 286.1580506079385, 286.1580506079385, 286.1580506079385, 286.1580506079385, 286.1580506079385, 286.1580506079385, 286.1580506079385, 286.1580506079385, 286.1580506079385, 286.1580506079385, 286.1580506079385, 286.1580506079385, 286.1580506079385, 286.1580506079385, 286.1580506079385, 286.1580506079385, 286.1580506079385, 286.1580506079385, 286.1580506079385, 286.1580506079385, 286.1580506079385, 286.1580506079385, 286.1580506079385, 286.1580506079385, 286.1580506079385, 286.1580506079385, 286.1580506079385, 286.1580506079385, 286.1580506079385, 286.1580506079385, 286.1580506079385, 286.1580506079385, 286.1580506079385, 286.1580506079385, 286.1580506079385, 286.1580506079385, 286.1580506079385, 286.1580506079385, 286.1580506079385, 286.1580506079385, 286.1580506079385, 286.1580506079385, 286.1580506079385, 286.1580506079385, 286.1580506079385, 286.1580506079385, 286.1580506079385, 286.1580506079385, 286.1580506079385, 286.1580506079385, 286.1580506079385, 286.1580506079385, 286.1580506079385, 286.1580506079385, 286.1580506079385, 286.1580506079385, 286.1580506079385, 286.1580506079385, 286.1580506079385, 286.1580506079385, 286.1580506079385, 286.1580506079385, 286.1580506079385, 286.1580506079385, 286.1580506079385, 286.1580506079385, 286.1580506079385, 286.1580506079385, 286.1580506079385, 286.1580506079385, 286.1580506079385, 286.1580506079385, 286.1580506079385, 286.1580506079385, 286.1580506079385, 286.1580506079385, 286.1580506079385, 286.1580506079385, 286.1580506079385, 286.1580506079385, 286.1580506079385, 286.1580506079385, 286.1580506079385, 286.1580506079385, 286.1580506079385, 286.1580506079385, 286.1580506079385, 286.1580506079385, 286.1580506079385, 286.1580506079385, 286.1580506079385, 286.1580506079385, 286.1580506079385, 286.1580506079385, 286.1580506079385, 286.1580506079385]
Execution Time: 441.0554 seconds

Run 8:
Best Seed Set: [383, 224, 170, 768, 424, 62, 550, 624, 736, 762, 697, 372, 448, 566, 22, 640, 417, 657, 761, 504, 650, 592, 172, 453, 449, 8, 201, 654, 647, 545, 109, 395, 651, 709, 259, 741, 285, 875, 386, 106]
Best Seed Set Cost: 193.7517
Best Fitness Value (LIE): 291.7430
Spread: 628.742
Convergence Curve: [287.6014147915347, 291.74303995228547, 291.74303995228547, 291.74303995228547, 291.74303995228547, 291.74303995228547, 291.74303995228547, 291.74303995228547, 291.74303995228547, 291.74303995228547, 291.74303995228547, 291.74303995228547, 291.74303995228547, 291.74303995228547, 291.74303995228547, 291.74303995228547, 291.74303995228547, 291.74303995228547, 291.74303995228547, 291.74303995228547, 291.74303995228547, 291.74303995228547, 291.74303995228547, 291.74303995228547, 291.74303995228547, 291.74303995228547, 291.74303995228547, 291.74303995228547, 291.74303995228547, 291.74303995228547, 291.74303995228547, 291.74303995228547, 291.74303995228547, 291.74303995228547, 291.74303995228547, 291.74303995228547, 291.74303995228547, 291.74303995228547, 291.74303995228547, 291.74303995228547, 291.74303995228547, 291.74303995228547, 291.74303995228547, 291.74303995228547, 291.74303995228547, 291.74303995228547, 291.74303995228547, 291.74303995228547, 291.74303995228547, 291.74303995228547, 291.74303995228547, 291.74303995228547, 291.74303995228547, 291.74303995228547, 291.74303995228547, 291.74303995228547, 291.74303995228547, 291.74303995228547, 291.74303995228547, 291.74303995228547, 291.74303995228547, 291.74303995228547, 291.74303995228547, 291.74303995228547, 291.74303995228547, 291.74303995228547, 291.74303995228547, 291.74303995228547, 291.74303995228547, 291.74303995228547, 291.74303995228547, 291.74303995228547, 291.74303995228547, 291.74303995228547, 291.74303995228547, 291.74303995228547, 291.74303995228547, 291.74303995228547, 291.74303995228547, 291.74303995228547, 291.74303995228547, 291.74303995228547, 291.74303995228547, 291.74303995228547, 291.74303995228547, 291.74303995228547, 291.74303995228547, 291.74303995228547, 291.74303995228547, 291.74303995228547, 291.74303995228547, 291.74303995228547, 291.74303995228547, 291.74303995228547, 291.74303995228547, 291.74303995228547, 291.74303995228547, 291.74303995228547, 291.74303995228547, 291.74303995228547]
Execution Time: 446.5572 seconds

Run 9:
Best Seed Set: [738, 835, 170, 126, 481, 204, 593, 350, 736, 158, 559, 635, 624, 380, 311, 230, 581, 617, 65, 190, 538, 568, 314, 453, 366, 8, 733, 272, 291, 574, 856, 750, 600, 245, 259, 237, 97, 393, 34, 576]
Best Seed Set Cost: 195.7607
Best Fitness Value (LIE): 290.4476
Spread: 629.144
Convergence Curve: [290.4476327521023, 290.4476327521023, 290.4476327521023, 290.4476327521023, 290.4476327521023, 290.4476327521023, 290.4476327521023, 290.4476327521023, 290.4476327521023, 290.4476327521023, 290.4476327521023, 290.4476327521023, 290.4476327521023, 290.4476327521023, 290.4476327521023, 290.4476327521023, 290.4476327521023, 290.4476327521023, 290.4476327521023, 290.4476327521023, 290.4476327521023, 290.4476327521023, 290.4476327521023, 290.4476327521023, 290.4476327521023, 290.4476327521023, 290.4476327521023, 290.4476327521023, 290.4476327521023, 290.4476327521023, 290.4476327521023, 290.4476327521023, 290.4476327521023, 290.4476327521023, 290.4476327521023, 290.4476327521023, 290.4476327521023, 290.4476327521023, 290.4476327521023, 290.4476327521023, 290.4476327521023, 290.4476327521023, 290.4476327521023, 290.4476327521023, 290.4476327521023, 290.4476327521023, 290.4476327521023, 290.4476327521023, 290.4476327521023, 290.4476327521023, 290.4476327521023, 290.4476327521023, 290.4476327521023, 290.4476327521023, 290.4476327521023, 290.4476327521023, 290.4476327521023, 290.4476327521023, 290.4476327521023, 290.4476327521023, 290.4476327521023, 290.4476327521023, 290.4476327521023, 290.4476327521023, 290.4476327521023, 290.4476327521023, 290.4476327521023, 290.4476327521023, 290.4476327521023, 290.4476327521023, 290.4476327521023, 290.4476327521023, 290.4476327521023, 290.4476327521023, 290.4476327521023, 290.4476327521023, 290.4476327521023, 290.4476327521023, 290.4476327521023, 290.4476327521023, 290.4476327521023, 290.4476327521023, 290.4476327521023, 290.4476327521023, 290.4476327521023, 290.4476327521023, 290.4476327521023, 290.4476327521023, 290.4476327521023, 290.4476327521023, 290.4476327521023, 290.4476327521023, 290.4476327521023, 290.4476327521023, 290.4476327521023, 290.4476327521023, 290.4476327521023, 290.4476327521023, 290.4476327521023, 290.4476327521023]
Execution Time: 439.8135 seconds

Run 10:
Best Seed Set: [717, 305, 346, 536, 372, 204, 550, 416, 356, 432, 697, 658, 196, 32, 23, 230, 405, 384, 562, 743, 216, 650, 199, 292, 449, 8, 388, 663, 316, 545, 856, 568, 57, 737, 703, 237, 210, 98, 651, 72]
Best Seed Set Cost: 199.5472
Best Fitness Value (LIE): 303.1302
Spread: 631.53
Convergence Curve: [287.90023376188964, 293.3731822610174, 303.13016038705086, 303.13016038705086, 303.13016038705086, 303.13016038705086, 303.13016038705086, 303.13016038705086, 303.13016038705086, 303.13016038705086, 303.13016038705086, 303.13016038705086, 303.13016038705086, 303.13016038705086, 303.13016038705086, 303.13016038705086, 303.13016038705086, 303.13016038705086, 303.13016038705086, 303.13016038705086, 303.13016038705086, 303.13016038705086, 303.13016038705086, 303.13016038705086, 303.13016038705086, 303.13016038705086, 303.13016038705086, 303.13016038705086, 303.13016038705086, 303.13016038705086, 303.13016038705086, 303.13016038705086, 303.13016038705086, 303.13016038705086, 303.13016038705086, 303.13016038705086, 303.13016038705086, 303.13016038705086, 303.13016038705086, 303.13016038705086, 303.13016038705086, 303.13016038705086, 303.13016038705086, 303.13016038705086, 303.13016038705086, 303.13016038705086, 303.13016038705086, 303.13016038705086, 303.13016038705086, 303.13016038705086, 303.13016038705086, 303.13016038705086, 303.13016038705086, 303.13016038705086, 303.13016038705086, 303.13016038705086, 303.13016038705086, 303.13016038705086, 303.13016038705086, 303.13016038705086, 303.13016038705086, 303.13016038705086, 303.13016038705086, 303.13016038705086, 303.13016038705086, 303.13016038705086, 303.13016038705086, 303.13016038705086, 303.13016038705086, 303.13016038705086, 303.13016038705086, 303.13016038705086, 303.13016038705086, 303.13016038705086, 303.13016038705086, 303.13016038705086, 303.13016038705086, 303.13016038705086, 303.13016038705086, 303.13016038705086, 303.13016038705086, 303.13016038705086, 303.13016038705086, 303.13016038705086, 303.13016038705086, 303.13016038705086, 303.13016038705086, 303.13016038705086, 303.13016038705086, 303.13016038705086, 303.13016038705086, 303.13016038705086, 303.13016038705086, 303.13016038705086, 303.13016038705086, 303.13016038705086, 303.13016038705086, 303.13016038705086, 303.13016038705086, 303.13016038705086]
Execution Time: 441.3396 seconds

