Algorithm name: DPSO
Input file: soc-wiki-Vote.mtx
Budget: 200
Number of Nodes: 889
k: 50
Iterations: 100
Search Agents: 50

Run 1:
Best Seed Set: [459, 773, 170, 536, 399, 505, 478, 55, 694, 406, 697, 429, 645, 605, 368, 102, 447, 749, 157, 578, 398, 585, 874, 659, 92, 8, 821, 687, 229, 436, 856, 215, 493, 521, 259, 624, 548, 131, 327, 268, 458, 72, 40, 769, 123, 666, 549, 779, 815, 266]
Best Seed Set Cost: 199.8807
Best Fitness Value (LIE): 299.5856
Spread: 622.974
Convergence Curve: [277.7643846407301, 299.5856240355079, 299.5856240355079, 299.5856240355079, 299.5856240355079, 299.5856240355079, 299.5856240355079, 299.5856240355079, 299.5856240355079, 299.5856240355079, 299.5856240355079, 299.5856240355079, 299.5856240355079, 299.5856240355079, 299.5856240355079, 299.5856240355079, 299.5856240355079, 299.5856240355079, 299.5856240355079, 299.5856240355079, 299.5856240355079, 299.5856240355079, 299.5856240355079, 299.5856240355079, 299.5856240355079, 299.5856240355079, 299.5856240355079, 299.5856240355079, 299.5856240355079, 299.5856240355079, 299.5856240355079, 299.5856240355079, 299.5856240355079, 299.5856240355079, 299.5856240355079, 299.5856240355079, 299.5856240355079, 299.5856240355079, 299.5856240355079, 299.5856240355079, 299.5856240355079, 299.5856240355079, 299.5856240355079, 299.5856240355079, 299.5856240355079, 299.5856240355079, 299.5856240355079, 299.5856240355079, 299.5856240355079, 299.5856240355079, 299.5856240355079, 299.5856240355079, 299.5856240355079, 299.5856240355079, 299.5856240355079, 299.5856240355079, 299.5856240355079, 299.5856240355079, 299.5856240355079, 299.5856240355079, 299.5856240355079, 299.5856240355079, 299.5856240355079, 299.5856240355079, 299.5856240355079, 299.5856240355079, 299.5856240355079, 299.5856240355079, 299.5856240355079, 299.5856240355079, 299.5856240355079, 299.5856240355079, 299.5856240355079, 299.5856240355079, 299.5856240355079, 299.5856240355079, 299.5856240355079, 299.5856240355079, 299.5856240355079, 299.5856240355079, 299.5856240355079, 299.5856240355079, 299.5856240355079, 299.5856240355079, 299.5856240355079, 299.5856240355079, 299.5856240355079, 299.5856240355079, 299.5856240355079, 299.5856240355079, 299.5856240355079, 299.5856240355079, 299.5856240355079, 299.5856240355079, 299.5856240355079, 299.5856240355079, 299.5856240355079, 299.5856240355079, 299.5856240355079, 299.5856240355079]
Execution Time: 600.6289 seconds

Run 2:
Best Seed Set: [766, 667, 686, 68, 399, 204, 550, 652, 736, 48, 101, 119, 653, 845, 154, 345, 29, 617, 562, 170, 318, 47, 778, 77, 449, 255, 690, 696, 125, 545, 860, 862, 57, 400, 180, 879, 889, 446, 329, 231, 779, 260, 793, 581, 123, 334, 61, 78, 19, 728]
Best Seed Set Cost: 194.8291
Best Fitness Value (LIE): 290.8033
Spread: 627.415
Convergence Curve: [281.2367971717443, 281.2367971717443, 290.803296863865, 290.803296863865, 290.803296863865, 290.803296863865, 290.803296863865, 290.803296863865, 290.803296863865, 290.803296863865, 290.803296863865, 290.803296863865, 290.803296863865, 290.803296863865, 290.803296863865, 290.803296863865, 290.803296863865, 290.803296863865, 290.803296863865, 290.803296863865, 290.803296863865, 290.803296863865, 290.803296863865, 290.803296863865, 290.803296863865, 290.803296863865, 290.803296863865, 290.803296863865, 290.803296863865, 290.803296863865, 290.803296863865, 290.803296863865, 290.803296863865, 290.803296863865, 290.803296863865, 290.803296863865, 290.803296863865, 290.803296863865, 290.803296863865, 290.803296863865, 290.803296863865, 290.803296863865, 290.803296863865, 290.803296863865, 290.803296863865, 290.803296863865, 290.803296863865, 290.803296863865, 290.803296863865, 290.803296863865, 290.803296863865, 290.803296863865, 290.803296863865, 290.803296863865, 290.803296863865, 290.803296863865, 290.803296863865, 290.803296863865, 290.803296863865, 290.803296863865, 290.803296863865, 290.803296863865, 290.803296863865, 290.803296863865, 290.803296863865, 290.803296863865, 290.803296863865, 290.803296863865, 290.803296863865, 290.803296863865, 290.803296863865, 290.803296863865, 290.803296863865, 290.803296863865, 290.803296863865, 290.803296863865, 290.803296863865, 290.803296863865, 290.803296863865, 290.803296863865, 290.803296863865, 290.803296863865, 290.803296863865, 290.803296863865, 290.803296863865, 290.803296863865, 290.803296863865, 290.803296863865, 290.803296863865, 290.803296863865, 290.803296863865, 290.803296863865, 290.803296863865, 290.803296863865, 290.803296863865, 290.803296863865, 290.803296863865, 290.803296863865, 290.803296863865, 290.803296863865]
Execution Time: 556.0513 seconds

Run 3:
Best Seed Set: [595, 681, 170, 35, 240, 376, 550, 412, 49, 762, 282, 419, 566, 791, 671, 230, 127, 866, 439, 691, 86, 223, 164, 732, 449, 358, 14, 132, 213, 545, 856, 750, 609, 776, 260, 32, 111, 393, 656, 577, 458, 404, 185, 683, 123, 6, 242, 600, 133, 263]
Best Seed Set Cost: 194.9301
Best Fitness Value (LIE): 292.7738
Spread: 624.04
Convergence Curve: [267.1863267523251, 289.9815907177077, 292.7738160017107, 292.7738160017107, 292.7738160017107, 292.7738160017107, 292.7738160017107, 292.7738160017107, 292.7738160017107, 292.7738160017107, 292.7738160017107, 292.7738160017107, 292.7738160017107, 292.7738160017107, 292.7738160017107, 292.7738160017107, 292.7738160017107, 292.7738160017107, 292.7738160017107, 292.7738160017107, 292.7738160017107, 292.7738160017107, 292.7738160017107, 292.7738160017107, 292.7738160017107, 292.7738160017107, 292.7738160017107, 292.7738160017107, 292.7738160017107, 292.7738160017107, 292.7738160017107, 292.7738160017107, 292.7738160017107, 292.7738160017107, 292.7738160017107, 292.7738160017107, 292.7738160017107, 292.7738160017107, 292.7738160017107, 292.7738160017107, 292.7738160017107, 292.7738160017107, 292.7738160017107, 292.7738160017107, 292.7738160017107, 292.7738160017107, 292.7738160017107, 292.7738160017107, 292.7738160017107, 292.7738160017107, 292.7738160017107, 292.7738160017107, 292.7738160017107, 292.7738160017107, 292.7738160017107, 292.7738160017107, 292.7738160017107, 292.7738160017107, 292.7738160017107, 292.7738160017107, 292.7738160017107, 292.7738160017107, 292.7738160017107, 292.7738160017107, 292.7738160017107, 292.7738160017107, 292.7738160017107, 292.7738160017107, 292.7738160017107, 292.7738160017107, 292.7738160017107, 292.7738160017107, 292.7738160017107, 292.7738160017107, 292.7738160017107, 292.7738160017107, 292.7738160017107, 292.7738160017107, 292.7738160017107, 292.7738160017107, 292.7738160017107, 292.7738160017107, 292.7738160017107, 292.7738160017107, 292.7738160017107, 292.7738160017107, 292.7738160017107, 292.7738160017107, 292.7738160017107, 292.7738160017107, 292.7738160017107, 292.7738160017107, 292.7738160017107, 292.7738160017107, 292.7738160017107, 292.7738160017107, 292.7738160017107, 292.7738160017107, 292.7738160017107, 292.7738160017107]
Execution Time: 560.0992 seconds

Run 4:
Best Seed Set: [881, 166, 691, 125, 87, 204, 544, 59, 736, 377, 174, 775, 164, 32, 739, 230, 874, 251, 868, 835, 538, 831, 142, 588, 282, 327, 611, 738, 830, 885, 520, 431, 660, 107, 625, 882, 170, 394, 385, 143, 132, 201, 25, 790, 428, 700, 309, 492, 864, 117]
Best Seed Set Cost: 199.6204
Best Fitness Value (LIE): 301.4020
Spread: 625.212
Convergence Curve: [284.7178252634472, 284.7178252634472, 291.2285895381537, 291.2285895381537, 291.2285895381537, 291.2285895381537, 291.2285895381537, 291.2285895381537, 291.2285895381537, 301.4019560610034, 301.4019560610034, 301.4019560610034, 301.4019560610034, 301.4019560610034, 301.4019560610034, 301.4019560610034, 301.4019560610034, 301.4019560610034, 301.4019560610034, 301.4019560610034, 301.4019560610034, 301.4019560610034, 301.4019560610034, 301.4019560610034, 301.4019560610034, 301.4019560610034, 301.4019560610034, 301.4019560610034, 301.4019560610034, 301.4019560610034, 301.4019560610034, 301.4019560610034, 301.4019560610034, 301.4019560610034, 301.4019560610034, 301.4019560610034, 301.4019560610034, 301.4019560610034, 301.4019560610034, 301.4019560610034, 301.4019560610034, 301.4019560610034, 301.4019560610034, 301.4019560610034, 301.4019560610034, 301.4019560610034, 301.4019560610034, 301.4019560610034, 301.4019560610034, 301.4019560610034, 301.4019560610034, 301.4019560610034, 301.4019560610034, 301.4019560610034, 301.4019560610034, 301.4019560610034, 301.4019560610034, 301.4019560610034, 301.4019560610034, 301.4019560610034, 301.4019560610034, 301.4019560610034, 301.4019560610034, 301.4019560610034, 301.4019560610034, 301.4019560610034, 301.4019560610034, 301.4019560610034, 301.4019560610034, 301.4019560610034, 301.4019560610034, 301.4019560610034, 301.4019560610034, 301.4019560610034, 301.4019560610034, 301.4019560610034, 301.4019560610034, 301.4019560610034, 301.4019560610034, 301.4019560610034, 301.4019560610034, 301.4019560610034, 301.4019560610034, 301.4019560610034, 301.4019560610034, 301.4019560610034, 301.4019560610034, 301.4019560610034, 301.4019560610034, 301.4019560610034, 301.4019560610034, 301.4019560610034, 301.4019560610034, 301.4019560610034, 301.4019560610034, 301.4019560610034, 301.4019560610034, 301.4019560610034, 301.4019560610034, 301.4019560610034]
Execution Time: 550.0345 seconds

Run 5:
Best Seed Set: [431, 593, 170, 792, 454, 78, 501, 643, 719, 663, 294, 815, 76, 380, 784, 765, 271, 304, 742, 221, 23, 568, 610, 225, 235, 354, 690, 208, 433, 192, 724, 703, 816, 351, 9, 151, 554, 101, 386, 312, 639, 437, 642, 273, 296, 49, 509, 632, 316, 374]
Best Seed Set Cost: 198.7611
Best Fitness Value (LIE): 297.6055
Spread: 628.507
Convergence Curve: [275.2416012791182, 284.95257927562506, 284.95257927562506, 293.42235733301544, 293.42235733301544, 297.60549311312707, 297.60549311312707, 297.60549311312707, 297.60549311312707, 297.60549311312707, 297.60549311312707, 297.60549311312707, 297.60549311312707, 297.60549311312707, 297.60549311312707, 297.60549311312707, 297.60549311312707, 297.60549311312707, 297.60549311312707, 297.60549311312707, 297.60549311312707, 297.60549311312707, 297.60549311312707, 297.60549311312707, 297.60549311312707, 297.60549311312707, 297.60549311312707, 297.60549311312707, 297.60549311312707, 297.60549311312707, 297.60549311312707, 297.60549311312707, 297.60549311312707, 297.60549311312707, 297.60549311312707, 297.60549311312707, 297.60549311312707, 297.60549311312707, 297.60549311312707, 297.60549311312707, 297.60549311312707, 297.60549311312707, 297.60549311312707, 297.60549311312707, 297.60549311312707, 297.60549311312707, 297.60549311312707, 297.60549311312707, 297.60549311312707, 297.60549311312707, 297.60549311312707, 297.60549311312707, 297.60549311312707, 297.60549311312707, 297.60549311312707, 297.60549311312707, 297.60549311312707, 297.60549311312707, 297.60549311312707, 297.60549311312707, 297.60549311312707, 297.60549311312707, 297.60549311312707, 297.60549311312707, 297.60549311312707, 297.60549311312707, 297.60549311312707, 297.60549311312707, 297.60549311312707, 297.60549311312707, 297.60549311312707, 297.60549311312707, 297.60549311312707, 297.60549311312707, 297.60549311312707, 297.60549311312707, 297.60549311312707, 297.60549311312707, 297.60549311312707, 297.60549311312707, 297.60549311312707, 297.60549311312707, 297.60549311312707, 297.60549311312707, 297.60549311312707, 297.60549311312707, 297.60549311312707, 297.60549311312707, 297.60549311312707, 297.60549311312707, 297.60549311312707, 297.60549311312707, 297.60549311312707, 297.60549311312707, 297.60549311312707, 297.60549311312707, 297.60549311312707, 297.60549311312707, 297.60549311312707, 297.60549311312707]
Execution Time: 558.3972 seconds

Run 6:
Best Seed Set: [566, 187, 148, 373, 448, 312, 836, 871, 536, 749, 470, 473, 584, 648, 715, 313, 8, 107, 569, 692, 709, 883, 416, 784, 685, 372, 206, 474, 65, 113, 835, 458, 774, 540, 189, 207, 492, 3, 597, 578, 493, 47, 694, 334, 33, 881, 827, 431, 170, 281]
Best Seed Set Cost: 199.9049
Best Fitness Value (LIE): 293.9440
Spread: 626.439
Convergence Curve: [280.48695134051934, 290.20330907827525, 290.20330907827525, 290.20330907827525, 290.20330907827525, 290.20330907827525, 290.20330907827525, 290.20330907827525, 290.20330907827525, 290.20330907827525, 290.20330907827525, 290.20330907827525, 290.20330907827525, 290.20330907827525, 290.20330907827525, 290.20330907827525, 290.20330907827525, 290.20330907827525, 290.20330907827525, 290.20330907827525, 290.20330907827525, 290.20330907827525, 290.20330907827525, 290.20330907827525, 290.20330907827525, 293.94398632851835, 293.94398632851835, 293.94398632851835, 293.94398632851835, 293.94398632851835, 293.94398632851835, 293.94398632851835, 293.94398632851835, 293.94398632851835, 293.94398632851835, 293.94398632851835, 293.94398632851835, 293.94398632851835, 293.94398632851835, 293.94398632851835, 293.94398632851835, 293.94398632851835, 293.94398632851835, 293.94398632851835, 293.94398632851835, 293.94398632851835, 293.94398632851835, 293.94398632851835, 293.94398632851835, 293.94398632851835, 293.94398632851835, 293.94398632851835, 293.94398632851835, 293.94398632851835, 293.94398632851835, 293.94398632851835, 293.94398632851835, 293.94398632851835, 293.94398632851835, 293.94398632851835, 293.94398632851835, 293.94398632851835, 293.94398632851835, 293.94398632851835, 293.94398632851835, 293.94398632851835, 293.94398632851835, 293.94398632851835, 293.94398632851835, 293.94398632851835, 293.94398632851835, 293.94398632851835, 293.94398632851835, 293.94398632851835, 293.94398632851835, 293.94398632851835, 293.94398632851835, 293.94398632851835, 293.94398632851835, 293.94398632851835, 293.94398632851835, 293.94398632851835, 293.94398632851835, 293.94398632851835, 293.94398632851835, 293.94398632851835, 293.94398632851835, 293.94398632851835, 293.94398632851835, 293.94398632851835, 293.94398632851835, 293.94398632851835, 293.94398632851835, 293.94398632851835, 293.94398632851835, 293.94398632851835, 293.94398632851835, 293.94398632851835, 293.94398632851835, 293.94398632851835]
Execution Time: 553.6939 seconds

Run 7:
Best Seed Set: [272, 228, 170, 850, 399, 204, 738, 245, 774, 9, 697, 395, 809, 56, 327, 35, 447, 17, 562, 504, 188, 610, 795, 121, 449, 406, 868, 223, 721, 545, 856, 376, 875, 709, 703, 25, 251, 142, 575, 194, 89, 397, 548, 793, 307, 37, 849, 151, 267, 857]
Best Seed Set Cost: 198.4529
Best Fitness Value (LIE): 296.3601
Spread: 626.606
Convergence Curve: [266.1440144731741, 296.3601181708395, 296.3601181708395, 296.3601181708395, 296.3601181708395, 296.3601181708395, 296.3601181708395, 296.3601181708395, 296.3601181708395, 296.3601181708395, 296.3601181708395, 296.3601181708395, 296.3601181708395, 296.3601181708395, 296.3601181708395, 296.3601181708395, 296.3601181708395, 296.3601181708395, 296.3601181708395, 296.3601181708395, 296.3601181708395, 296.3601181708395, 296.3601181708395, 296.3601181708395, 296.3601181708395, 296.3601181708395, 296.3601181708395, 296.3601181708395, 296.3601181708395, 296.3601181708395, 296.3601181708395, 296.3601181708395, 296.3601181708395, 296.3601181708395, 296.3601181708395, 296.3601181708395, 296.3601181708395, 296.3601181708395, 296.3601181708395, 296.3601181708395, 296.3601181708395, 296.3601181708395, 296.3601181708395, 296.3601181708395, 296.3601181708395, 296.3601181708395, 296.3601181708395, 296.3601181708395, 296.3601181708395, 296.3601181708395, 296.3601181708395, 296.3601181708395, 296.3601181708395, 296.3601181708395, 296.3601181708395, 296.3601181708395, 296.3601181708395, 296.3601181708395, 296.3601181708395, 296.3601181708395, 296.3601181708395, 296.3601181708395, 296.3601181708395, 296.3601181708395, 296.3601181708395, 296.3601181708395, 296.3601181708395, 296.3601181708395, 296.3601181708395, 296.3601181708395, 296.3601181708395, 296.3601181708395, 296.3601181708395, 296.3601181708395, 296.3601181708395, 296.3601181708395, 296.3601181708395, 296.3601181708395, 296.3601181708395, 296.3601181708395, 296.3601181708395, 296.3601181708395, 296.3601181708395, 296.3601181708395, 296.3601181708395, 296.3601181708395, 296.3601181708395, 296.3601181708395, 296.3601181708395, 296.3601181708395, 296.3601181708395, 296.3601181708395, 296.3601181708395, 296.3601181708395, 296.3601181708395, 296.3601181708395, 296.3601181708395, 296.3601181708395, 296.3601181708395, 296.3601181708395]
Execution Time: 546.6711 seconds

Run 8:
Best Seed Set: [431, 273, 832, 286, 557, 372, 814, 744, 318, 115, 129, 196, 338, 527, 228, 230, 316, 235, 522, 525, 437, 782, 297, 275, 772, 598, 860, 812, 502, 648, 856, 763, 873, 709, 602, 237, 596, 148, 166, 459, 728, 260, 548, 769, 123, 112, 300, 357, 63, 420]
Best Seed Set Cost: 198.6876
Best Fitness Value (LIE): 290.0167
Spread: 612.317
Convergence Curve: [266.81942674265986, 282.79680132622855, 290.016738719074, 290.016738719074, 290.016738719074, 290.016738719074, 290.016738719074, 290.016738719074, 290.016738719074, 290.016738719074, 290.016738719074, 290.016738719074, 290.016738719074, 290.016738719074, 290.016738719074, 290.016738719074, 290.016738719074, 290.016738719074, 290.016738719074, 290.016738719074, 290.016738719074, 290.016738719074, 290.016738719074, 290.016738719074, 290.016738719074, 290.016738719074, 290.016738719074, 290.016738719074, 290.016738719074, 290.016738719074, 290.016738719074, 290.016738719074, 290.016738719074, 290.016738719074, 290.016738719074, 290.016738719074, 290.016738719074, 290.016738719074, 290.016738719074, 290.016738719074, 290.016738719074, 290.016738719074, 290.016738719074, 290.016738719074, 290.016738719074, 290.016738719074, 290.016738719074, 290.016738719074, 290.016738719074, 290.016738719074, 290.016738719074, 290.016738719074, 290.016738719074, 290.016738719074, 290.016738719074, 290.016738719074, 290.016738719074, 290.016738719074, 290.016738719074, 290.016738719074, 290.016738719074, 290.016738719074, 290.016738719074, 290.016738719074, 290.016738719074, 290.016738719074, 290.016738719074, 290.016738719074, 290.016738719074, 290.016738719074, 290.016738719074, 290.016738719074, 290.016738719074, 290.016738719074, 290.016738719074, 290.016738719074, 290.016738719074, 290.016738719074, 290.016738719074, 290.016738719074, 290.016738719074, 290.016738719074, 290.016738719074, 290.016738719074, 290.016738719074, 290.016738719074, 290.016738719074, 290.016738719074, 290.016738719074, 290.016738719074, 290.016738719074, 290.016738719074, 290.016738719074, 290.016738719074, 290.016738719074, 290.016738719074, 290.016738719074, 290.016738719074, 290.016738719074, 290.016738719074]
Execution Time: 555.4066 seconds

Run 9:
Best Seed Set: [797, 866, 314, 812, 380, 295, 648, 118, 693, 559, 778, 561, 450, 820, 762, 665, 649, 617, 33, 423, 212, 568, 783, 620, 299, 694, 662, 189, 875, 281, 507, 878, 364, 709, 74, 170, 431, 286, 858, 690, 606, 626, 470, 209, 580, 355, 446, 233, 631, 498]
Best Seed Set Cost: 198.6906
Best Fitness Value (LIE): 300.4525
Spread: 615.258
Convergence Curve: [286.5169646878264, 286.5169646878264, 286.5169646878264, 286.5169646878264, 291.5426278915584, 291.5426278915584, 291.5426278915584, 300.09432069526326, 300.09432069526326, 300.09432069526326, 300.45245279159417, 300.45245279159417, 300.45245279159417, 300.45245279159417, 300.45245279159417, 300.45245279159417, 300.45245279159417, 300.45245279159417, 300.45245279159417, 300.45245279159417, 300.45245279159417, 300.45245279159417, 300.45245279159417, 300.45245279159417, 300.45245279159417, 300.45245279159417, 300.45245279159417, 300.45245279159417, 300.45245279159417, 300.45245279159417, 300.45245279159417, 300.45245279159417, 300.45245279159417, 300.45245279159417, 300.45245279159417, 300.45245279159417, 300.45245279159417, 300.45245279159417, 300.45245279159417, 300.45245279159417, 300.45245279159417, 300.45245279159417, 300.45245279159417, 300.45245279159417, 300.45245279159417, 300.45245279159417, 300.45245279159417, 300.45245279159417, 300.45245279159417, 300.45245279159417, 300.45245279159417, 300.45245279159417, 300.45245279159417, 300.45245279159417, 300.45245279159417, 300.45245279159417, 300.45245279159417, 300.45245279159417, 300.45245279159417, 300.45245279159417, 300.45245279159417, 300.45245279159417, 300.45245279159417, 300.45245279159417, 300.45245279159417, 300.45245279159417, 300.45245279159417, 300.45245279159417, 300.45245279159417, 300.45245279159417, 300.45245279159417, 300.45245279159417, 300.45245279159417, 300.45245279159417, 300.45245279159417, 300.45245279159417, 300.45245279159417, 300.45245279159417, 300.45245279159417, 300.45245279159417, 300.45245279159417, 300.45245279159417, 300.45245279159417, 300.45245279159417, 300.45245279159417, 300.45245279159417, 300.45245279159417, 300.45245279159417, 300.45245279159417, 300.45245279159417, 300.45245279159417, 300.45245279159417, 300.45245279159417, 300.45245279159417, 300.45245279159417, 300.45245279159417, 300.45245279159417, 300.45245279159417, 300.45245279159417, 300.45245279159417]
Execution Time: 580.1469 seconds

Run 10:
Best Seed Set: [114, 642, 170, 752, 435, 716, 189, 638, 751, 762, 431, 28, 334, 502, 482, 466, 221, 617, 773, 771, 239, 568, 726, 453, 325, 630, 690, 677, 835, 621, 327, 182, 57, 141, 434, 111, 69, 393, 623, 778, 851, 312, 632, 144, 292, 23, 268, 52, 804, 489]
Best Seed Set Cost: 197.0721
Best Fitness Value (LIE): 294.4475
Spread: 621.37
Convergence Curve: [273.63518939683433, 285.9973266522043, 285.9973266522043, 285.9973266522043, 289.11801835857, 294.4474663508646, 294.4474663508646, 294.4474663508646, 294.4474663508646, 294.4474663508646, 294.4474663508646, 294.4474663508646, 294.4474663508646, 294.4474663508646, 294.4474663508646, 294.4474663508646, 294.4474663508646, 294.4474663508646, 294.4474663508646, 294.4474663508646, 294.4474663508646, 294.4474663508646, 294.4474663508646, 294.4474663508646, 294.4474663508646, 294.4474663508646, 294.4474663508646, 294.4474663508646, 294.4474663508646, 294.4474663508646, 294.4474663508646, 294.4474663508646, 294.4474663508646, 294.4474663508646, 294.4474663508646, 294.4474663508646, 294.4474663508646, 294.4474663508646, 294.4474663508646, 294.4474663508646, 294.4474663508646, 294.4474663508646, 294.4474663508646, 294.4474663508646, 294.4474663508646, 294.4474663508646, 294.4474663508646, 294.4474663508646, 294.4474663508646, 294.4474663508646, 294.4474663508646, 294.4474663508646, 294.4474663508646, 294.4474663508646, 294.4474663508646, 294.4474663508646, 294.4474663508646, 294.4474663508646, 294.4474663508646, 294.4474663508646, 294.4474663508646, 294.4474663508646, 294.4474663508646, 294.4474663508646, 294.4474663508646, 294.4474663508646, 294.4474663508646, 294.4474663508646, 294.4474663508646, 294.4474663508646, 294.4474663508646, 294.4474663508646, 294.4474663508646, 294.4474663508646, 294.4474663508646, 294.4474663508646, 294.4474663508646, 294.4474663508646, 294.4474663508646, 294.4474663508646, 294.4474663508646, 294.4474663508646, 294.4474663508646, 294.4474663508646, 294.4474663508646, 294.4474663508646, 294.4474663508646, 294.4474663508646, 294.4474663508646, 294.4474663508646, 294.4474663508646, 294.4474663508646, 294.4474663508646, 294.4474663508646, 294.4474663508646, 294.4474663508646, 294.4474663508646, 294.4474663508646, 294.4474663508646, 294.4474663508646]
Execution Time: 561.0505 seconds

