Algorithm name: DPSO
Input file: soc-hamsterster.edges
Budget: 800
Number of Nodes: 2426
k: 10
Iterations: 100
Search Agents: 50

Run 1:
Best Seed Set: [73, 794, 301, 202, 6, 69, 189, 313, 622, 617]
Best Seed Set Cost: 636.5896
Best Fitness Value (LIE): 465.1724
Spread: 1796.953
Convergence Curve: [465.1723570037683, 465.1723570037683, 465.1723570037683, 465.1723570037683, 465.1723570037683, 465.1723570037683, 465.1723570037683, 465.1723570037683, 465.1723570037683, 465.1723570037683, 465.1723570037683, 465.1723570037683, 465.1723570037683, 465.1723570037683, 465.1723570037683, 465.1723570037683, 465.1723570037683, 465.1723570037683, 465.1723570037683, 465.1723570037683, 465.1723570037683, 465.1723570037683, 465.1723570037683, 465.1723570037683, 465.1723570037683, 465.1723570037683, 465.1723570037683, 465.1723570037683, 465.1723570037683, 465.1723570037683, 465.1723570037683, 465.1723570037683, 465.1723570037683, 465.1723570037683, 465.1723570037683, 465.1723570037683, 465.1723570037683, 465.1723570037683, 465.1723570037683, 465.1723570037683, 465.1723570037683, 465.1723570037683, 465.1723570037683, 465.1723570037683, 465.1723570037683, 465.1723570037683, 465.1723570037683, 465.1723570037683, 465.1723570037683, 465.1723570037683, 465.1723570037683, 465.1723570037683, 465.1723570037683, 465.1723570037683, 465.1723570037683, 465.1723570037683, 465.1723570037683, 465.1723570037683, 465.1723570037683, 465.1723570037683, 465.1723570037683, 465.1723570037683, 465.1723570037683, 465.1723570037683, 465.1723570037683, 465.1723570037683, 465.1723570037683, 465.1723570037683, 465.1723570037683, 465.1723570037683, 465.1723570037683, 465.1723570037683, 465.1723570037683, 465.1723570037683, 465.1723570037683, 465.1723570037683, 465.1723570037683, 465.1723570037683, 465.1723570037683, 465.1723570037683, 465.1723570037683, 465.1723570037683, 465.1723570037683, 465.1723570037683, 465.1723570037683, 465.1723570037683, 465.1723570037683, 465.1723570037683, 465.1723570037683, 465.1723570037683, 465.1723570037683, 465.1723570037683, 465.1723570037683, 465.1723570037683, 465.1723570037683, 465.1723570037683, 465.1723570037683, 465.1723570037683, 465.1723570037683, 465.1723570037683]
Execution Time: 1709.6624 seconds

Run 2:
Best Seed Set: [73, 121, 301, 202, 6, 69, 189, 558, 622, 617]
Best Seed Set Cost: 728.2733
Best Fitness Value (LIE): 483.5949
Spread: 1796.525
Convergence Curve: [483.5949217404518, 483.5949217404518, 483.5949217404518, 483.5949217404518, 483.5949217404518, 483.5949217404518, 483.5949217404518, 483.5949217404518, 483.5949217404518, 483.5949217404518, 483.5949217404518, 483.5949217404518, 483.5949217404518, 483.5949217404518, 483.5949217404518, 483.5949217404518, 483.5949217404518, 483.5949217404518, 483.5949217404518, 483.5949217404518, 483.5949217404518, 483.5949217404518, 483.5949217404518, 483.5949217404518, 483.5949217404518, 483.5949217404518, 483.5949217404518, 483.5949217404518, 483.5949217404518, 483.5949217404518, 483.5949217404518, 483.5949217404518, 483.5949217404518, 483.5949217404518, 483.5949217404518, 483.5949217404518, 483.5949217404518, 483.5949217404518, 483.5949217404518, 483.5949217404518, 483.5949217404518, 483.5949217404518, 483.5949217404518, 483.5949217404518, 483.5949217404518, 483.5949217404518, 483.5949217404518, 483.5949217404518, 483.5949217404518, 483.5949217404518, 483.5949217404518, 483.5949217404518, 483.5949217404518, 483.5949217404518, 483.5949217404518, 483.5949217404518, 483.5949217404518, 483.5949217404518, 483.5949217404518, 483.5949217404518, 483.5949217404518, 483.5949217404518, 483.5949217404518, 483.5949217404518, 483.5949217404518, 483.5949217404518, 483.5949217404518, 483.5949217404518, 483.5949217404518, 483.5949217404518, 483.5949217404518, 483.5949217404518, 483.5949217404518, 483.5949217404518, 483.5949217404518, 483.5949217404518, 483.5949217404518, 483.5949217404518, 483.5949217404518, 483.5949217404518, 483.5949217404518, 483.5949217404518, 483.5949217404518, 483.5949217404518, 483.5949217404518, 483.5949217404518, 483.5949217404518, 483.5949217404518, 483.5949217404518, 483.5949217404518, 483.5949217404518, 483.5949217404518, 483.5949217404518, 483.5949217404518, 483.5949217404518, 483.5949217404518, 483.5949217404518, 483.5949217404518, 483.5949217404518, 483.5949217404518]
Execution Time: 1694.4296 seconds

Run 3:
Best Seed Set: [73, 121, 301, 202, 6, 69, 189, 95, 622, 2105]
Best Seed Set Cost: 683.3352
Best Fitness Value (LIE): 464.0920
Spread: 1798.258
Convergence Curve: [464.09203440021344, 464.09203440021344, 464.09203440021344, 464.09203440021344, 464.09203440021344, 464.09203440021344, 464.09203440021344, 464.09203440021344, 464.09203440021344, 464.09203440021344, 464.09203440021344, 464.09203440021344, 464.09203440021344, 464.09203440021344, 464.09203440021344, 464.09203440021344, 464.09203440021344, 464.09203440021344, 464.09203440021344, 464.09203440021344, 464.09203440021344, 464.09203440021344, 464.09203440021344, 464.09203440021344, 464.09203440021344, 464.09203440021344, 464.09203440021344, 464.09203440021344, 464.09203440021344, 464.09203440021344, 464.09203440021344, 464.09203440021344, 464.09203440021344, 464.09203440021344, 464.09203440021344, 464.09203440021344, 464.09203440021344, 464.09203440021344, 464.09203440021344, 464.09203440021344, 464.09203440021344, 464.09203440021344, 464.09203440021344, 464.09203440021344, 464.09203440021344, 464.09203440021344, 464.09203440021344, 464.09203440021344, 464.09203440021344, 464.09203440021344, 464.09203440021344, 464.09203440021344, 464.09203440021344, 464.09203440021344, 464.09203440021344, 464.09203440021344, 464.09203440021344, 464.09203440021344, 464.09203440021344, 464.09203440021344, 464.09203440021344, 464.09203440021344, 464.09203440021344, 464.09203440021344, 464.09203440021344, 464.09203440021344, 464.09203440021344, 464.09203440021344, 464.09203440021344, 464.09203440021344, 464.09203440021344, 464.09203440021344, 464.09203440021344, 464.09203440021344, 464.09203440021344, 464.09203440021344, 464.09203440021344, 464.09203440021344, 464.09203440021344, 464.09203440021344, 464.09203440021344, 464.09203440021344, 464.09203440021344, 464.09203440021344, 464.09203440021344, 464.09203440021344, 464.09203440021344, 464.09203440021344, 464.09203440021344, 464.09203440021344, 464.09203440021344, 464.09203440021344, 464.09203440021344, 464.09203440021344, 464.09203440021344, 464.09203440021344, 464.09203440021344, 464.09203440021344, 464.09203440021344, 464.09203440021344]
Execution Time: 1661.3020 seconds

Run 4:
Best Seed Set: [73, 121, 301, 202, 6, 69, 1291, 313, 622, 617]
Best Seed Set Cost: 709.2221
Best Fitness Value (LIE): 478.3879
Spread: 1813.737
Convergence Curve: [478.3879288245919, 478.3879288245919, 478.3879288245919, 478.3879288245919, 478.3879288245919, 478.3879288245919, 478.3879288245919, 478.3879288245919, 478.3879288245919, 478.3879288245919, 478.3879288245919, 478.3879288245919, 478.3879288245919, 478.3879288245919, 478.3879288245919, 478.3879288245919, 478.3879288245919, 478.3879288245919, 478.3879288245919, 478.3879288245919, 478.3879288245919, 478.3879288245919, 478.3879288245919, 478.3879288245919, 478.3879288245919, 478.3879288245919, 478.3879288245919, 478.3879288245919, 478.3879288245919, 478.3879288245919, 478.3879288245919, 478.3879288245919, 478.3879288245919, 478.3879288245919, 478.3879288245919, 478.3879288245919, 478.3879288245919, 478.3879288245919, 478.3879288245919, 478.3879288245919, 478.3879288245919, 478.3879288245919, 478.3879288245919, 478.3879288245919, 478.3879288245919, 478.3879288245919, 478.3879288245919, 478.3879288245919, 478.3879288245919, 478.3879288245919, 478.3879288245919, 478.3879288245919, 478.3879288245919, 478.3879288245919, 478.3879288245919, 478.3879288245919, 478.3879288245919, 478.3879288245919, 478.3879288245919, 478.3879288245919, 478.3879288245919, 478.3879288245919, 478.3879288245919, 478.3879288245919, 478.3879288245919, 478.3879288245919, 478.3879288245919, 478.3879288245919, 478.3879288245919, 478.3879288245919, 478.3879288245919, 478.3879288245919, 478.3879288245919, 478.3879288245919, 478.3879288245919, 478.3879288245919, 478.3879288245919, 478.3879288245919, 478.3879288245919, 478.3879288245919, 478.3879288245919, 478.3879288245919, 478.3879288245919, 478.3879288245919, 478.3879288245919, 478.3879288245919, 478.3879288245919, 478.3879288245919, 478.3879288245919, 478.3879288245919, 478.3879288245919, 478.3879288245919, 478.3879288245919, 478.3879288245919, 478.3879288245919, 478.3879288245919, 478.3879288245919, 478.3879288245919, 478.3879288245919, 478.3879288245919]
Execution Time: 1511.9132 seconds

Run 5:
Best Seed Set: [73, 121, 301, 278, 6, 69, 1057, 313, 622, 1234]
Best Seed Set Cost: 631.8559
Best Fitness Value (LIE): 433.9931
Spread: 1806.35
Convergence Curve: [433.9930866352429, 433.9930866352429, 433.9930866352429, 433.9930866352429, 433.9930866352429, 433.9930866352429, 433.9930866352429, 433.9930866352429, 433.9930866352429, 433.9930866352429, 433.9930866352429, 433.9930866352429, 433.9930866352429, 433.9930866352429, 433.9930866352429, 433.9930866352429, 433.9930866352429, 433.9930866352429, 433.9930866352429, 433.9930866352429, 433.9930866352429, 433.9930866352429, 433.9930866352429, 433.9930866352429, 433.9930866352429, 433.9930866352429, 433.9930866352429, 433.9930866352429, 433.9930866352429, 433.9930866352429, 433.9930866352429, 433.9930866352429, 433.9930866352429, 433.9930866352429, 433.9930866352429, 433.9930866352429, 433.9930866352429, 433.9930866352429, 433.9930866352429, 433.9930866352429, 433.9930866352429, 433.9930866352429, 433.9930866352429, 433.9930866352429, 433.9930866352429, 433.9930866352429, 433.9930866352429, 433.9930866352429, 433.9930866352429, 433.9930866352429, 433.9930866352429, 433.9930866352429, 433.9930866352429, 433.9930866352429, 433.9930866352429, 433.9930866352429, 433.9930866352429, 433.9930866352429, 433.9930866352429, 433.9930866352429, 433.9930866352429, 433.9930866352429, 433.9930866352429, 433.9930866352429, 433.9930866352429, 433.9930866352429, 433.9930866352429, 433.9930866352429, 433.9930866352429, 433.9930866352429, 433.9930866352429, 433.9930866352429, 433.9930866352429, 433.9930866352429, 433.9930866352429, 433.9930866352429, 433.9930866352429, 433.9930866352429, 433.9930866352429, 433.9930866352429, 433.9930866352429, 433.9930866352429, 433.9930866352429, 433.9930866352429, 433.9930866352429, 433.9930866352429, 433.9930866352429, 433.9930866352429, 433.9930866352429, 433.9930866352429, 433.9930866352429, 433.9930866352429, 433.9930866352429, 433.9930866352429, 433.9930866352429, 433.9930866352429, 433.9930866352429, 433.9930866352429, 433.9930866352429, 433.9930866352429]
Execution Time: 1482.8146 seconds

