8 25 7.1105
1 3 1.7189
19 2 1.4789
36 2 1.4789
3 9 3.1672
2 8 2.9247
4 2 1.4789
6 4 1.9592
12 2 1.4789
16 6 2.4412
20 11 3.6533
21 5 2.2000
11 2 1.4789
23 5 2.2000
24 4 1.9592
60 5 2.2000
88 16 4.8766
5 8 2.9247
118 13 4.1412
164 9 3.1672
306 9 3.1672
369 5 2.2000
447 32 8.8804
608 5 2.2000
657 6 2.4412
28 2 1.4789
48 1 1.2392
9 12 3.8970
7 4 1.9592
18 3 1.7189
26 4 1.9592
17 1 1.2392
27 1 1.2392
30 1 1.2392
32 4 1.9592
33 5 2.2000
34 3 1.7189
37 3 1.7189
39 2 1.4789
40 2 1.4789
42 2 1.4789
44 1 1.2392
45 5 2.2000
46 1 1.2392
49 8 2.9247
55 11 3.6533
58 6 2.4412
59 16 4.8766
117 2 1.4789
10 1 1.2392
50 10 3.4100
13 16 4.8766
41 1 1.2392
64 2 1.4789
71 1 1.2392
78 6 2.4412
95 4 1.9592
96 4 1.9592
127 1 1.2392
163 10 3.4100
166 13 4.1412
190 4 1.9592
196 6 2.4412
207 7 2.6827
230 33 9.1358
14 8 2.9247
47 8 2.9247
56 5 2.2000
63 7 2.6827
98 17 5.1227
110 9 3.1672
15 1 1.2392
25 12 3.8970
66 2 1.4789
79 1 1.2392
273 92 26.0160
22 15 4.6310
67 3 1.7189
70 6 2.4412
104 11 3.6533
123 20 5.8641
158 8 2.9247
408 18 5.3693
536 60 16.3384
555 7 2.6827
617 32 8.8804
53 10 3.4100
75 3 1.7189
90 7 2.6827
100 2 1.4789
112 2 1.4789
124 5 2.2000
146 2 1.4789
150 1 1.2392
151 3 1.7189
31 2 1.4789
52 1 1.2392
29 2 1.4789
87 2 1.4789
43 1 1.2392
35 8 2.9247
106 4 1.9592
148 11 3.6533
195 6 2.4412
212 19 5.6165
257 11 3.6533
199 26 7.3615
38 1 1.2392
69 2 1.4789
54 3 1.7189
82 2 1.4789
91 4 1.9592
97 1 1.2392
121 13 4.1412
161 6 2.4412
193 12 3.8970
76 2 1.4789
86 1 1.2392
202 4 1.9592
51 13 4.1412
214 7 2.6827
231 7 2.6827
253 1 1.2392
311 8 2.9247
342 4 1.9592
415 16 4.8766
420 4 1.9592
482 34 9.3919
496 14 4.3859
105 9 3.1672
114 9 3.1672
125 6 2.4412
129 2 1.4789
167 2 1.4789
61 5 2.2000
135 3 1.7189
137 3 1.7189
140 3 1.7189
141 4 1.9592
74 8 2.9247
101 1 1.2392
57 22 6.3610
93 4 1.9592
94 1 1.2392
108 12 3.8970
122 4 1.9592
143 10 3.4100
156 10 3.4100
160 4 1.9592
170 66 18.0387
171 6 2.4412
176 2 1.4789
179 4 1.9592
181 2 1.4789
138 2 1.4789
145 1 1.2392
62 1 1.2392
211 3 1.7189
204 55 14.9531
65 2 1.4789
396 14 4.3859
83 1 1.2392
68 3 1.7189
266 19 5.6165
301 6 2.4412
99 1 1.2392
216 14 4.3859
258 11 3.6533
72 3 1.7189
73 3 1.7189
308 6 2.4412
431 102 29.4289
126 2 1.4789
130 12 3.8970
172 2 1.4789
187 4 1.9592
81 2 1.4789
560 14 4.3859
77 1 1.2392
229 3 1.7189
80 1 1.2392
84 2 1.4789
152 9 3.1672
85 1 1.2392
89 1 1.2392
107 1 1.2392
111 3 1.7189
115 4 1.9592
116 1 1.2392
162 6 2.4412
92 1 1.2392
142 1 1.2392
109 12 3.8970
102 2 1.4789
103 1 1.2392
128 10 3.4100
169 2 1.4789
178 6 2.4412
189 9 3.1672
183 2 1.4789
224 17 5.1227
223 13 4.1412
328 9 3.1672
326 4 1.9592
113 17 5.1227
413 8 2.9247
479 4 1.9592
515 8 2.9247
546 14 4.3859
551 9 3.1672
562 31 8.6257
570 10 3.4100
634 3 1.7189
637 9 3.1672
666 20 5.8641
690 24 6.8601
707 20 5.8641
709 22 6.3610
715 5 2.2000
738 19 5.6165
298 4 1.9592
471 19 5.6165
606 18 5.3693
119 2 1.4789
238 2 1.4789
159 1 1.2392
120 6 2.4412
259 22 6.3610
317 18 5.3693
350 6 2.4412
364 14 4.3859
184 1 1.2392
185 2 1.4789
186 3 1.7189
174 3 1.7189
168 2 1.4789
191 8 2.9247
205 19 5.6165
131 1 1.2392
197 7 2.6827
233 20 5.8641
237 22 6.3610
277 3 1.7189
278 5 2.2000
132 24 6.8601
361 11 3.6533
385 9 3.1672
392 14 4.3859
399 56 15.2280
410 21 6.1123
416 49 13.3248
442 10 3.4100
448 36 9.9062
453 26 7.3615
455 16 4.8766
456 14 4.3859
461 10 3.4100
488 7 2.6827
504 31 8.6257
506 18 5.3693
523 14 4.3859
133 8 2.9247
239 18 5.3693
240 5 2.2000
134 5 2.2000
247 16 4.8766
289 13 4.1412
331 2 1.4789
351 15 4.6310
136 5 2.2000
822 13 4.1412
832 8 2.9247
834 4 1.9592
855 5 2.2000
139 10 3.4100
324 7 2.6827
437 12 3.8970
458 21 6.1123
220 2 1.4789
217 2 1.4789
254 7 2.6827
356 16 4.8766
144 1 1.2392
557 16 4.8766
147 2 1.4789
717 7 2.6827
267 6 2.4412
305 1 1.2392
309 3 1.7189
314 8 2.9247
149 1 1.2392
157 2 1.4789
215 5 2.2000
153 2 1.4789
248 4 1.9592
225 6 2.4412
154 3 1.7189
227 4 1.9592
188 1 1.2392
155 5 2.2000
337 16 4.8766
208 1 1.2392
210 6 2.4412
322 19 5.6165
327 5 2.2000
173 5 2.2000
234 2 1.4789
374 2 1.4789
380 35 9.6487
381 11 3.6533
466 18 5.3693
165 3 1.7189
175 4 1.9592
194 1 1.2392
192 1 1.2392
203 2 1.4789
209 5 2.2000
226 4 1.9592
244 2 1.4789
260 21 6.1123
263 6 2.4412
264 2 1.4789
271 7 2.6827
272 3 1.7189
275 8 2.9247
280 8 2.9247
285 22 6.3610
299 16 4.8766
303 4 1.9592
330 3 1.7189
334 4 1.9592
335 4 1.9592
341 5 2.2000
349 2 1.4789
360 1 1.2392
363 2 1.4789
365 2 1.4789
367 3 1.7189
318 3 1.7189
198 1 1.2392
200 1 1.2392
389 6 2.4412
177 1 1.2392
180 3 1.7189
265 1 1.2392
256 7 2.6827
182 1 1.2392
252 1 1.2392
221 3 1.7189
236 5 2.2000
218 4 1.9592
402 1 1.2392
333 3 1.7189
344 9 3.1672
359 2 1.4789
245 4 1.9592
213 3 1.7189
206 3 1.7189
269 2 1.4789
281 13 4.1412
316 7 2.6827
325 2 1.4789
201 1 1.2392
222 1 1.2392
255 8 2.9247
343 4 1.9592
347 6 2.4412
370 16 4.8766
387 3 1.7189
388 6 2.4412
393 22 6.3610
404 15 4.6310
407 6 2.4412
421 14 4.3859
433 24 6.8601
452 19 5.6165
491 4 1.9592
508 9 3.1672
526 12 3.8970
531 9 3.1672
543 13 4.1412
565 1 1.2392
261 4 1.9592
262 2 1.4789
355 1 1.2392
228 9 3.1672
293 1 1.2392
294 1 1.2392
332 1 1.2392
373 3 1.7189
486 7 2.6827
270 5 2.2000
286 3 1.7189
710 14 4.3859
219 4 1.9592
282 2 1.4789
323 2 1.4789
353 3 1.7189
368 11 3.6533
297 5 2.2000
386 22 6.3610
474 3 1.7189
232 3 1.7189
336 5 2.2000
358 6 2.4412
395 4 1.9592
460 8 2.9247
483 5 2.2000
503 11 3.6533
509 8 2.9247
513 13 4.1412
430 10 3.4100
492 8 2.9247
284 5 2.2000
304 1 1.2392
235 1 1.2392
319 8 2.9247
279 1 1.2392
290 11 3.6533
464 11 3.6533
611 8 2.9247
242 3 1.7189
320 1 1.2392
372 13 4.1412
436 4 1.9592
241 4 1.9592
357 1 1.2392
243 6 2.4412
671 5 2.2000
502 7 2.6827
246 2 1.4789
288 2 1.4789
250 2 1.4789
249 4 1.9592
251 2 1.4789
291 2 1.4789
614 4 1.9592
630 4 1.9592
638 3 1.7189
665 9 3.1672
751 8 2.9247
377 7 2.6827
315 2 1.4789
274 2 1.4789
550 50 13.5937
296 1 1.2392
405 5 2.2000
268 1 1.2392
300 2 1.4789
310 2 1.4789
348 5 2.2000
398 13 4.1412
426 11 3.6533
428 10 3.4100
429 2 1.4789
434 17 5.1227
441 5 2.2000
449 26 7.3615
462 9 3.1672
463 10 3.4100
465 10 3.4100
475 3 1.7189
487 12 3.8970
494 4 1.9592
499 12 3.8970
505 4 1.9592
519 4 1.9592
527 2 1.4789
528 7 2.6827
538 27 7.6131
547 18 5.3693
548 21 6.1123
552 17 5.1227
568 27 7.6131
586 8 2.9247
691 14 4.3859
730 5 2.2000
736 43 11.7297
750 23 6.6103
770 5 2.2000
276 2 1.4789
292 2 1.4789
283 1 1.2392
379 3 1.7189
376 3 1.7189
287 1 1.2392
468 3 1.7189
636 5 2.2000
295 1 1.2392
518 8 2.9247
362 6 2.4412
302 1 1.2392
432 1 1.2392
307 2 1.4789
500 7 2.6827
485 7 2.6827
313 1 1.2392
312 2 1.4789
542 2 1.4789
375 4 1.9592
417 9 3.1672
590 1 1.2392
419 5 2.2000
321 5 2.2000
604 3 1.7189
438 7 2.6827
439 7 2.6827
445 6 2.4412
772 4 1.9592
802 10 3.4100
418 8 2.9247
329 1 1.2392
338 1 1.2392
490 13 4.1412
383 2 1.4789
339 2 1.4789
594 1 1.2392
340 1 1.2392
610 6 2.4412
652 9 3.1672
345 4 1.9592
801 7 2.6827
804 11 3.6533
807 19 5.6165
346 1 1.2392
613 8 2.9247
382 1 1.2392
352 2 1.4789
639 7 2.6827
354 4 1.9592
511 12 3.8970
406 9 3.1672
478 1 1.2392
510 3 1.7189
539 11 3.6533
424 2 1.4789
366 1 1.2392
625 5 2.2000
484 12 3.8970
425 14 4.3859
655 8 2.9247
371 3 1.7189
412 4 1.9592
470 7 2.6827
641 2 1.4789
675 3 1.7189
525 6 2.4412
378 1 1.2392
391 4 1.9592
435 3 1.7189
459 10 3.4100
534 4 1.9592
540 9 3.1672
545 24 6.8601
598 2 1.4789
609 9 3.1672
615 3 1.7189
626 6 2.4412
663 3 1.7189
384 3 1.7189
554 3 1.7189
563 1 1.2392
467 2 1.4789
480 1 1.2392
390 3 1.7189
567 7 2.6827
673 8 2.9247
619 11 3.6533
498 5 2.2000
451 12 3.8970
394 1 1.2392
411 3 1.7189
497 2 1.4789
397 1 1.2392
450 3 1.7189
549 5 2.2000
553 2 1.4789
427 4 1.9592
469 7 2.6827
566 4 1.9592
576 3 1.7189
621 1 1.2392
400 1 1.2392
401 2 1.4789
403 7 2.6827
627 8 2.9247
683 4 1.9592
685 1 1.2392
697 37 10.1644
520 1 1.2392
440 3 1.7189
409 1 1.2392
446 1 1.2392
529 10 3.4100
687 12 3.8970
741 1 1.2392
414 2 1.4789
512 1 1.2392
517 4 1.9592
584 11 3.6533
585 2 1.4789
481 11 3.6533
556 4 1.9592
558 6 2.4412
612 1 1.2392
745 4 1.9592
422 1 1.2392
423 6 2.4412
587 4 1.9592
654 5 2.2000
702 14 4.3859
444 2 1.4789
472 2 1.4789
493 1 1.2392
501 1 1.2392
524 2 1.4789
532 5 2.2000
544 5 2.2000
561 3 1.7189
575 10 3.4100
591 2 1.4789
593 9 3.1672
596 5 2.2000
607 2 1.4789
622 5 2.2000
672 4 1.9592
757 8 2.9247
762 43 11.7297
763 16 4.8766
765 9 3.1672
781 17 5.1227
785 10 3.4100
799 3 1.7189
803 18 5.3693
811 1 1.2392
820 8 2.9247
823 6 2.4412
826 5 2.2000
837 5 2.2000
840 10 3.4100
843 9 3.1672
853 16 4.8766
868 1 1.2392
869 3 1.7189
443 2 1.4789
602 6 2.4412
679 4 1.9592
477 5 2.2000
573 9 3.1672
660 19 5.6165
723 6 2.4412
530 2 1.4789
574 6 2.4412
642 2 1.4789
454 2 1.4789
597 10 3.4100
521 2 1.4789
578 1 1.2392
579 5 2.2000
659 15 4.6310
668 14 4.3859
786 8 2.9247
793 1 1.2392
825 4 1.9592
839 17 5.1227
850 3 1.7189
851 4 1.9592
858 5 2.2000
863 2 1.4789
872 4 1.9592
886 1 1.2392
489 2 1.4789
457 2 1.4789
704 3 1.7189
810 1 1.2392
473 1 1.2392
476 1 1.2392
635 37 10.1644
643 3 1.7189
779 3 1.7189
582 5 2.2000
605 1 1.2392
588 19 5.6165
592 6 2.4412
620 3 1.7189
572 6 2.4412
783 2 1.4789
871 1 1.2392
495 1 1.2392
569 1 1.2392
580 1 1.2392
746 2 1.4789
507 1 1.2392
559 3 1.7189
514 1 1.2392
819 12 3.8970
583 1 1.2392
631 1 1.2392
516 1 1.2392
522 2 1.4789
724 6 2.4412
624 4 1.9592
769 21 6.1123
646 18 5.3693
681 9 3.1672
842 4 1.9592
533 1 1.2392
535 2 1.4789
577 1 1.2392
601 4 1.9592
650 3 1.7189
537 7 2.6827
864 8 2.9247
880 1 1.2392
571 6 2.4412
632 1 1.2392
645 7 2.6827
541 1 1.2392
629 4 1.9592
653 5 2.2000
647 3 1.7189
682 2 1.4789
705 6 2.4412
726 1 1.2392
670 6 2.4412
735 8 2.9247
753 8 2.9247
776 7 2.6827
777 11 3.6533
794 2 1.4789
662 2 1.4789
564 14 4.3859
651 4 1.9592
696 1 1.2392
581 2 1.4789
589 1 1.2392
600 1 1.2392
616 1 1.2392
678 11 3.6533
692 13 4.1412
699 3 1.7189
771 10 3.4100
768 4 1.9592
661 2 1.4789
708 3 1.7189
595 1 1.2392
676 1 1.2392
599 2 1.4789
739 1 1.2392
603 1 1.2392
628 1 1.2392
714 4 1.9592
640 2 1.4789
758 4 1.9592
856 24 6.8601
656 1 1.2392
727 2 1.4789
618 1 1.2392
623 1 1.2392
633 1 1.2392
677 5 2.2000
698 1 1.2392
706 3 1.7189
718 4 1.9592
725 5 2.2000
755 2 1.4789
780 5 2.2000
787 2 1.4789
748 1 1.2392
889 1 1.2392
644 2 1.4789
729 5 2.2000
749 3 1.7189
764 3 1.7189
800 4 1.9592
789 3 1.7189
648 1 1.2392
669 3 1.7189
649 2 1.4789
674 1 1.2392
694 2 1.4789
734 2 1.4789
658 1 1.2392
712 2 1.4789
778 3 1.7189
791 6 2.4412
818 7 2.6827
841 13 4.1412
845 8 2.9247
744 1 1.2392
664 1 1.2392
813 2 1.4789
731 1 1.2392
754 1 1.2392
784 9 3.1672
667 1 1.2392
720 3 1.7189
728 1 1.2392
693 7 2.6827
795 4 1.9592
722 2 1.4789
680 1 1.2392
684 1 1.2392
686 1 1.2392
688 2 1.4789
743 4 1.9592
829 12 3.8970
884 2 1.4789
689 1 1.2392
773 8 2.9247
817 4 1.9592
756 1 1.2392
812 1 1.2392
752 1 1.2392
790 1 1.2392
695 1 1.2392
805 3 1.7189
816 9 3.1672
846 3 1.7189
852 5 2.2000
700 1 1.2392
701 1 1.2392
703 1 1.2392
860 2 1.4789
877 1 1.2392
719 2 1.4789
792 1 1.2392
721 1 1.2392
711 1 1.2392
713 1 1.2392
716 2 1.4789
836 1 1.2392
761 3 1.7189
732 1 1.2392
740 5 2.2000
733 1 1.2392
737 2 1.4789
878 2 1.4789
827 3 1.7189
742 6 2.4412
831 2 1.4789
835 1 1.2392
885 2 1.4789
747 2 1.4789
760 1 1.2392
806 3 1.7189
798 2 1.4789
759 1 1.2392
774 3 1.7189
833 2 1.4789
874 4 1.9592
815 2 1.4789
828 2 1.4789
859 8 2.9247
867 1 1.2392
873 3 1.7189
766 1 1.2392
767 2 1.4789
844 1 1.2392
796 1 1.2392
838 3 1.7189
830 1 1.2392
775 1 1.2392
788 2 1.4789
782 1 1.2392
809 2 1.4789
875 1 1.2392
797 1 1.2392
865 2 1.4789
821 1 1.2392
814 1 1.2392
808 1 1.2392
848 1 1.2392
847 4 1.9592
862 2 1.4789
824 2 1.4789
888 1 1.2392
849 1 1.2392
854 3 1.7189
861 2 1.4789
882 3 1.7189
879 1 1.2392
881 1 1.2392
887 1 1.2392
870 2 1.4789
857 1 1.2392
866 2 1.4789
876 1 1.2392
883 1 1.2392
