Algorithm name: DE
Input file: soc-wiki-Vote.mtx
Budget: 200
Number of Nodes: 889
k: 50
Iterations: 100
Search Agents: 50

Run 1:
Best Seed Set: [170, 550, 736, 380, 617, 697, 447, 8, 449, 452, 199, 415, 237, 88, 386, 13, 57, 588, 113, 856, 317, 807, 557, 59, 781, 659, 299, 351]
Best Seed Set Cost: 199.6986
Best Fitness Value (LIE): 321.5108
Spread: 643.755
Convergence Curve: [292.81994612426837, 298.30270068713213, 298.30270068713213, 298.30270068713213, 298.30270068713213, 298.30270068713213, 298.30270068713213, 302.9260842718728, 304.87788026669756, 304.87788026669756, 304.87788026669756, 304.87788026669756, 304.87788026669756, 305.81230586624366, 305.81230586624366, 305.81230586624366, 305.81230586624366, 305.81230586624366, 305.81230586624366, 308.36968035070464, 308.36968035070464, 309.2552310140825, 309.2552310140825, 309.2552310140825, 309.2552310140825, 309.2552310140825, 309.2552310140825, 310.5429979243947, 310.5429979243947, 310.5429979243947, 310.5429979243947, 310.5429979243947, 310.5429979243947, 310.5429979243947, 310.5429979243947, 310.5429979243947, 310.5429979243947, 310.5429979243947, 310.88657750810205, 310.88657750810205, 310.88657750810205, 313.8886613885575, 313.8886613885575, 313.8886613885575, 313.8886613885575, 313.8886613885575, 313.8886613885575, 313.8886613885575, 313.8886613885575, 315.90077789333264, 315.90077789333264, 315.90077789333264, 315.90077789333264, 315.90077789333264, 317.37998759976176, 317.37998759976176, 317.37998759976176, 317.37998759976176, 317.37998759976176, 317.37998759976176, 317.40616197161467, 317.40616197161467, 317.40616197161467, 317.40616197161467, 317.40616197161467, 317.40616197161467, 317.40616197161467, 317.40616197161467, 317.40616197161467, 317.40616197161467, 317.40616197161467, 317.40616197161467, 317.40616197161467, 317.40616197161467, 317.40616197161467, 317.40616197161467, 317.40616197161467, 317.40616197161467, 321.51084146775736, 321.51084146775736, 321.51084146775736, 321.51084146775736, 321.51084146775736, 321.51084146775736, 321.51084146775736, 321.51084146775736, 321.51084146775736, 321.51084146775736, 321.51084146775736, 321.51084146775736, 321.51084146775736, 321.51084146775736, 321.51084146775736, 321.51084146775736, 321.51084146775736, 321.51084146775736, 321.51084146775736, 321.51084146775736, 321.51084146775736, 321.51084146775736]
Execution Time: 559.2708 seconds

Run 2:
Best Seed Set: [431, 170, 550, 697, 8, 562, 538, 449, 452, 199, 606, 239, 415, 88, 547, 13, 666, 57, 224, 856, 803, 807, 425, 839, 299, 351]
Best Seed Set Cost: 199.8623
Best Fitness Value (LIE): 325.1871
Spread: 647.008
Convergence Curve: [293.4251993688981, 293.4251993688981, 296.6787568503376, 309.8700940651841, 309.8700940651841, 309.8700940651841, 309.8700940651841, 309.8700940651841, 309.8700940651841, 309.8700940651841, 309.8700940651841, 309.8700940651841, 309.8700940651841, 309.8700940651841, 309.8700940651841, 309.8700940651841, 309.8700940651841, 309.8700940651841, 309.8700940651841, 309.8700940651841, 309.8700940651841, 312.37593413780456, 312.37593413780456, 312.37593413780456, 312.37593413780456, 313.6574633454564, 313.6574633454564, 313.6574633454564, 313.6574633454564, 313.6574633454564, 316.46100151391414, 319.1321619960017, 319.1321619960017, 319.1321619960017, 319.1321619960017, 319.1321619960017, 319.1321619960017, 319.1321619960017, 319.1321619960017, 319.1321619960017, 319.1321619960017, 319.1321619960017, 319.1321619960017, 319.1321619960017, 319.1321619960017, 319.1321619960017, 319.1321619960017, 319.1321619960017, 319.1321619960017, 319.1321619960017, 319.1321619960017, 319.1321619960017, 319.1321619960017, 319.1321619960017, 319.1321619960017, 319.1321619960017, 319.1321619960017, 319.1321619960017, 319.1321619960017, 319.1321619960017, 319.1321619960017, 319.1321619960017, 319.1321619960017, 319.1321619960017, 319.1321619960017, 319.444222756658, 319.444222756658, 319.444222756658, 319.444222756658, 319.444222756658, 320.12333441401853, 320.12333441401853, 325.1871450913057, 325.1871450913057, 325.1871450913057, 325.1871450913057, 325.1871450913057, 325.1871450913057, 325.1871450913057, 325.1871450913057, 325.1871450913057, 325.1871450913057, 325.1871450913057, 325.1871450913057, 325.1871450913057, 325.1871450913057, 325.1871450913057, 325.1871450913057, 325.1871450913057, 325.1871450913057, 325.1871450913057, 325.1871450913057, 325.1871450913057, 325.1871450913057, 325.1871450913057, 325.1871450913057, 325.1871450913057, 325.1871450913057, 325.1871450913057, 325.1871450913057]
Execution Time: 573.1160 seconds

Run 3:
Best Seed Set: [170, 736, 8, 538, 635, 452, 199, 433, 606, 415, 471, 88, 466, 709, 396, 552, 13, 118, 666, 57, 356, 856, 803, 807, 557, 59, 223, 692, 47, 839, 702, 193, 216]
Best Seed Set Cost: 199.1898
Best Fitness Value (LIE): 324.7927
Spread: 643.052
Convergence Curve: [303.10709496584616, 303.10709496584616, 303.10709496584616, 303.10709496584616, 303.10709496584616, 303.10709496584616, 307.9226624752152, 307.9226624752152, 307.9226624752152, 307.9226624752152, 312.62830213011347, 312.62830213011347, 312.62830213011347, 313.5683182447781, 313.5683182447781, 313.5683182447781, 313.5683182447781, 313.5683182447781, 314.52701874167883, 314.52701874167883, 314.52701874167883, 314.52701874167883, 314.52701874167883, 314.52701874167883, 314.52701874167883, 314.52701874167883, 314.52701874167883, 314.52701874167883, 314.52701874167883, 318.7276505466726, 318.7276505466726, 318.7276505466726, 318.7276505466726, 318.7276505466726, 318.7276505466726, 318.7276505466726, 318.7276505466726, 318.7276505466726, 321.6070911608157, 321.6070911608157, 321.6070911608157, 321.6070911608157, 321.6070911608157, 321.6070911608157, 321.6070911608157, 321.6070911608157, 321.6070911608157, 321.6070911608157, 321.6070911608157, 321.6070911608157, 321.6070911608157, 321.6070911608157, 321.6070911608157, 321.6070911608157, 321.6070911608157, 321.6070911608157, 321.6070911608157, 321.6070911608157, 321.6070911608157, 321.6070911608157, 321.6070911608157, 321.6070911608157, 321.6070911608157, 321.6070911608157, 321.6070911608157, 321.6070911608157, 321.6070911608157, 324.7927205740213, 324.7927205740213, 324.7927205740213, 324.7927205740213, 324.7927205740213, 324.7927205740213, 324.7927205740213, 324.7927205740213, 324.7927205740213, 324.7927205740213, 324.7927205740213, 324.7927205740213, 324.7927205740213, 324.7927205740213, 324.7927205740213, 324.7927205740213, 324.7927205740213, 324.7927205740213, 324.7927205740213, 324.7927205740213, 324.7927205740213, 324.7927205740213, 324.7927205740213, 324.7927205740213, 324.7927205740213, 324.7927205740213, 324.7927205740213, 324.7927205740213, 324.7927205740213, 324.7927205740213, 324.7927205740213, 324.7927205740213, 324.7927205740213]
Execution Time: 575.6412 seconds

Run 4:
Best Seed Set: [431, 170, 550, 230, 380, 8, 750, 635, 433, 548, 415, 88, 13, 57, 434, 123, 856, 98, 317, 807, 660, 425, 710, 216, 351, 668]
Best Seed Set Cost: 199.4407
Best Fitness Value (LIE): 327.0798
Spread: 643.106
Convergence Curve: [301.75672490682393, 301.75672490682393, 302.0131867510551, 302.2987573587445, 302.2987573587445, 302.57221666874625, 303.6361812921116, 304.7883556437914, 307.620998991765, 307.620998991765, 308.2537479660973, 308.2537479660973, 308.2537479660973, 308.2537479660973, 312.5175665048284, 312.5175665048284, 312.5175665048284, 312.5175665048284, 312.5175665048284, 312.5175665048284, 312.5175665048284, 312.5175665048284, 316.30060158649746, 316.30060158649746, 316.30060158649746, 316.30060158649746, 316.30060158649746, 316.30060158649746, 316.30060158649746, 319.12142931105274, 319.12142931105274, 319.12142931105274, 319.12142931105274, 319.12142931105274, 319.12142931105274, 324.28481743505085, 324.28481743505085, 324.28481743505085, 324.28481743505085, 324.28481743505085, 324.28481743505085, 324.28481743505085, 324.28481743505085, 324.28481743505085, 324.28481743505085, 324.28481743505085, 324.28481743505085, 324.28481743505085, 324.28481743505085, 324.28481743505085, 324.28481743505085, 324.28481743505085, 324.28481743505085, 324.28481743505085, 324.28481743505085, 324.28481743505085, 324.28481743505085, 324.28481743505085, 324.28481743505085, 324.28481743505085, 324.28481743505085, 324.28481743505085, 324.28481743505085, 324.28481743505085, 324.28481743505085, 324.28481743505085, 324.28481743505085, 324.28481743505085, 324.28481743505085, 324.28481743505085, 324.28481743505085, 324.28481743505085, 324.28481743505085, 324.28481743505085, 324.28481743505085, 324.28481743505085, 324.28481743505085, 325.0626615648296, 325.0626615648296, 325.0626615648296, 325.0626615648296, 325.0626615648296, 325.0626615648296, 325.0626615648296, 325.0626615648296, 325.0626615648296, 325.0626615648296, 325.0626615648296, 325.52416985195754, 325.52416985195754, 325.52416985195754, 325.52416985195754, 325.52416985195754, 325.52416985195754, 325.52416985195754, 325.52416985195754, 325.52416985195754, 325.52416985195754, 325.52416985195754, 327.0797975460054]
Execution Time: 557.4486 seconds

Run 5:
Best Seed Set: [170, 550, 482, 8, 562, 750, 635, 453, 199, 433, 415, 233, 88, 386, 547, 13, 57, 434, 392, 856, 803, 807, 557, 660, 496, 337, 710, 839, 299, 351]
Best Seed Set Cost: 199.8299
Best Fitness Value (LIE): 324.3921
Spread: 644.599
Convergence Curve: [293.98405378750994, 293.98405378750994, 297.84944763614726, 297.84944763614726, 304.82865687273, 304.82865687273, 304.82865687273, 304.82865687273, 304.82865687273, 304.82865687273, 304.82865687273, 304.82865687273, 307.5675387442844, 307.98364524247035, 307.98364524247035, 307.98364524247035, 307.98364524247035, 307.98364524247035, 314.79055669760584, 314.79055669760584, 314.79055669760584, 314.79055669760584, 314.79055669760584, 314.79055669760584, 314.79055669760584, 317.25043280990076, 317.25043280990076, 317.25043280990076, 317.25043280990076, 317.25043280990076, 317.25043280990076, 317.25043280990076, 317.25043280990076, 317.25043280990076, 317.25043280990076, 317.25043280990076, 317.25043280990076, 317.25043280990076, 317.25043280990076, 317.25043280990076, 317.25043280990076, 317.25043280990076, 317.25043280990076, 317.25043280990076, 320.7256414153457, 320.7256414153457, 320.7256414153457, 320.7256414153457, 320.7256414153457, 320.7256414153457, 320.7256414153457, 320.7256414153457, 320.7256414153457, 320.7256414153457, 320.7256414153457, 320.7256414153457, 320.7256414153457, 320.7256414153457, 320.7256414153457, 320.7256414153457, 320.7256414153457, 320.7256414153457, 320.7256414153457, 320.7256414153457, 320.7256414153457, 320.7256414153457, 320.7256414153457, 320.7256414153457, 320.7256414153457, 320.7256414153457, 320.7256414153457, 320.7256414153457, 320.8475127491887, 320.8475127491887, 320.8475127491887, 320.8475127491887, 320.8475127491887, 320.8475127491887, 320.8475127491887, 320.8475127491887, 320.8475127491887, 320.8475127491887, 324.39214400543773, 324.39214400543773, 324.39214400543773, 324.39214400543773, 324.39214400543773, 324.39214400543773, 324.39214400543773, 324.39214400543773, 324.39214400543773, 324.39214400543773, 324.39214400543773, 324.39214400543773, 324.39214400543773, 324.39214400543773, 324.39214400543773, 324.39214400543773, 324.39214400543773, 324.39214400543773]
Execution Time: 566.8205 seconds

Run 6:
Best Seed Set: [170, 230, 380, 697, 8, 452, 433, 606, 239, 415, 88, 466, 396, 547, 13, 666, 356, 691, 738, 224, 856, 560, 803, 59, 398, 819, 503, 381, 451, 839, 109, 193, 25, 564, 216]
Best Seed Set Cost: 199.2528
Best Fitness Value (LIE): 329.5754
Spread: 637.208
Convergence Curve: [291.1518306009938, 296.26091218433436, 299.47218902429046, 299.47218902429046, 299.47218902429046, 299.47218902429046, 307.5425182532448, 307.5425182532448, 307.5425182532448, 307.5425182532448, 307.5425182532448, 307.5425182532448, 307.5425182532448, 307.5425182532448, 307.5425182532448, 310.9168908687777, 310.9168908687777, 310.9168908687777, 310.9168908687777, 310.9168908687777, 310.9168908687777, 313.9865036728751, 313.9865036728751, 313.9865036728751, 316.03470771456506, 316.03470771456506, 316.03470771456506, 316.03470771456506, 316.03470771456506, 316.03470771456506, 316.03470771456506, 316.03470771456506, 316.03470771456506, 316.03470771456506, 316.03470771456506, 316.03470771456506, 316.03470771456506, 316.03470771456506, 316.03470771456506, 318.2169873058082, 318.2169873058082, 318.2169873058082, 318.2169873058082, 320.0033714126507, 320.0033714126507, 320.0033714126507, 320.0033714126507, 321.9183737803684, 321.9183737803684, 321.9183737803684, 321.9183737803684, 321.9183737803684, 321.9183737803684, 321.9183737803684, 321.9183737803684, 321.9183737803684, 321.9183737803684, 321.9183737803684, 321.9183737803684, 321.9183737803684, 322.15951257117666, 322.15951257117666, 324.6872552627889, 324.6872552627889, 324.6872552627889, 324.6872552627889, 324.6872552627889, 324.6872552627889, 324.6872552627889, 324.6872552627889, 324.6872552627889, 324.6872552627889, 325.77276411354, 325.77276411354, 325.77276411354, 325.77276411354, 325.77276411354, 325.77276411354, 325.77276411354, 325.77276411354, 325.77276411354, 325.77276411354, 325.77276411354, 325.77276411354, 325.77276411354, 325.77276411354, 325.77276411354, 325.77276411354, 325.77276411354, 325.77276411354, 325.77276411354, 325.77276411354, 325.77276411354, 325.77276411354, 325.77276411354, 325.77276411354, 325.77276411354, 325.77276411354, 329.5754096701143, 329.5754096701143]
Execution Time: 561.0695 seconds

Run 7:
Best Seed Set: [431, 170, 230, 380, 617, 697, 22, 8, 452, 548, 415, 237, 88, 13, 666, 57, 356, 212, 113, 856, 560, 807, 523, 59, 853, 407, 710, 668]
Best Seed Set Cost: 199.8134
Best Fitness Value (LIE): 330.7633
Spread: 647.009
Convergence Curve: [304.06666396354734, 304.06666396354734, 304.06666396354734, 304.06666396354734, 310.5831462944533, 310.5831462944533, 310.5831462944533, 310.5831462944533, 310.5831462944533, 310.5831462944533, 310.5831462944533, 310.5831462944533, 310.5831462944533, 310.5831462944533, 310.5831462944533, 310.5831462944533, 310.5831462944533, 310.5831462944533, 310.5831462944533, 310.5831462944533, 310.5831462944533, 310.5831462944533, 310.5831462944533, 310.5831462944533, 311.2987309720435, 311.2987309720435, 311.2987309720435, 311.2987309720435, 311.2987309720435, 311.2987309720435, 311.2987309720435, 312.90402057143666, 318.9421568224939, 318.9421568224939, 318.9421568224939, 318.9421568224939, 318.9421568224939, 318.9421568224939, 318.9421568224939, 318.9421568224939, 318.9421568224939, 318.9421568224939, 318.9421568224939, 318.9421568224939, 318.9421568224939, 318.9421568224939, 318.9421568224939, 318.9421568224939, 318.9421568224939, 318.9421568224939, 318.9421568224939, 320.826682988956, 320.826682988956, 320.826682988956, 320.826682988956, 320.826682988956, 320.826682988956, 320.826682988956, 320.826682988956, 320.826682988956, 320.826682988956, 320.826682988956, 320.826682988956, 320.826682988956, 320.826682988956, 320.826682988956, 320.826682988956, 320.826682988956, 320.826682988956, 320.826682988956, 322.220707533222, 322.220707533222, 322.220707533222, 322.220707533222, 322.220707533222, 323.02709086601226, 323.02709086601226, 323.02709086601226, 323.02709086601226, 323.02709086601226, 323.02709086601226, 323.02709086601226, 323.02709086601226, 323.02709086601226, 323.8485294583099, 323.8485294583099, 323.8485294583099, 323.8485294583099, 323.8485294583099, 324.06092977952727, 324.06092977952727, 330.76327680668464, 330.76327680668464, 330.76327680668464, 330.76327680668464, 330.76327680668464, 330.76327680668464, 330.76327680668464, 330.76327680668464, 330.76327680668464]
Execution Time: 564.3873 seconds

Run 8:
Best Seed Set: [431, 170, 536, 736, 230, 8, 504, 750, 452, 433, 415, 545, 88, 396, 13, 57, 356, 434, 59, 659, 692, 166, 121, 407, 299, 216, 351]
Best Seed Set Cost: 199.9967
Best Fitness Value (LIE): 320.6056
Spread: 646.079
Convergence Curve: [297.77271331354524, 297.77271331354524, 299.7175322710417, 305.5745750443987, 305.5745750443987, 305.5745750443987, 305.5745750443987, 305.5745750443987, 305.5745750443987, 305.5745750443987, 312.2087604492162, 312.2087604492162, 312.2087604492162, 312.2087604492162, 313.9824314230032, 313.9824314230032, 313.9824314230032, 313.9824314230032, 313.9824314230032, 313.9824314230032, 313.9824314230032, 313.9824314230032, 313.9824314230032, 313.9824314230032, 313.9824314230032, 313.9824314230032, 313.9824314230032, 313.9824314230032, 313.9824314230032, 313.9824314230032, 313.9824314230032, 313.9824314230032, 313.9824314230032, 313.9824314230032, 313.9824314230032, 314.290497897118, 314.290497897118, 314.290497897118, 314.290497897118, 314.290497897118, 314.290497897118, 314.290497897118, 314.290497897118, 316.3409215143061, 316.3409215143061, 316.3409215143061, 320.60556473520336, 320.60556473520336, 320.60556473520336, 320.60556473520336, 320.60556473520336, 320.60556473520336, 320.60556473520336, 320.60556473520336, 320.60556473520336, 320.60556473520336, 320.60556473520336, 320.60556473520336, 320.60556473520336, 320.60556473520336, 320.60556473520336, 320.60556473520336, 320.60556473520336, 320.60556473520336, 320.60556473520336, 320.60556473520336, 320.60556473520336, 320.60556473520336, 320.60556473520336, 320.60556473520336, 320.60556473520336, 320.60556473520336, 320.60556473520336, 320.60556473520336, 320.60556473520336, 320.60556473520336, 320.60556473520336, 320.60556473520336, 320.60556473520336, 320.60556473520336, 320.60556473520336, 320.60556473520336, 320.60556473520336, 320.60556473520336, 320.60556473520336, 320.60556473520336, 320.60556473520336, 320.60556473520336, 320.60556473520336, 320.60556473520336, 320.60556473520336, 320.60556473520336, 320.60556473520336, 320.60556473520336, 320.60556473520336, 320.60556473520336, 320.60556473520336, 320.60556473520336, 320.60556473520336, 320.60556473520336]
Execution Time: 565.7480 seconds

Run 9:
Best Seed Set: [170, 482, 8, 562, 504, 635, 239, 415, 545, 233, 88, 13, 57, 691, 738, 456, 113, 856, 499, 98, 803, 557, 781, 398, 496, 687, 584, 710, 839, 193, 389, 9, 437, 130, 668]
Best Seed Set Cost: 199.8018
Best Fitness Value (LIE): 322.6815
Spread: 638.474
Convergence Curve: [292.4362210738325, 303.3591211465344, 303.3591211465344, 303.3591211465344, 303.3591211465344, 311.26107432632836, 311.26107432632836, 311.26107432632836, 311.26107432632836, 311.26107432632836, 311.26107432632836, 311.26107432632836, 311.26107432632836, 311.26107432632836, 311.26107432632836, 313.80058102184654, 313.80058102184654, 313.80058102184654, 313.80058102184654, 313.80058102184654, 313.80058102184654, 313.80058102184654, 313.80058102184654, 313.80058102184654, 313.80058102184654, 313.80058102184654, 313.80058102184654, 313.80058102184654, 313.80058102184654, 313.80058102184654, 313.80058102184654, 313.80058102184654, 313.80058102184654, 313.80058102184654, 313.80058102184654, 313.80058102184654, 313.80058102184654, 313.80058102184654, 317.4021617607158, 317.4021617607158, 317.4021617607158, 317.4021617607158, 317.4021617607158, 317.4021617607158, 317.4021617607158, 317.4021617607158, 317.4021617607158, 317.4021617607158, 322.68145690317397, 322.68145690317397, 322.68145690317397, 322.68145690317397, 322.68145690317397, 322.68145690317397, 322.68145690317397, 322.68145690317397, 322.68145690317397, 322.68145690317397, 322.68145690317397, 322.68145690317397, 322.68145690317397, 322.68145690317397, 322.68145690317397, 322.68145690317397, 322.68145690317397, 322.68145690317397, 322.68145690317397, 322.68145690317397, 322.68145690317397, 322.68145690317397, 322.68145690317397, 322.68145690317397, 322.68145690317397, 322.68145690317397, 322.68145690317397, 322.68145690317397, 322.68145690317397, 322.68145690317397, 322.68145690317397, 322.68145690317397, 322.68145690317397, 322.68145690317397, 322.68145690317397, 322.68145690317397, 322.68145690317397, 322.68145690317397, 322.68145690317397, 322.68145690317397, 322.68145690317397, 322.68145690317397, 322.68145690317397, 322.68145690317397, 322.68145690317397, 322.68145690317397, 322.68145690317397, 322.68145690317397, 322.68145690317397, 322.68145690317397, 322.68145690317397, 322.68145690317397]
Execution Time: 589.7999 seconds

Run 10:
Best Seed Set: [431, 170, 550, 230, 22, 8, 452, 548, 415, 233, 88, 13, 707, 57, 356, 212, 434, 113, 856, 807, 557, 660, 59, 781, 659, 299, 216, 668]
Best Seed Set Cost: 198.3733
Best Fitness Value (LIE): 330.1950
Spread: 642.011
Convergence Curve: [301.9165171296877, 301.9165171296877, 301.9165171296877, 308.9802028808503, 308.9802028808503, 308.9802028808503, 308.9802028808503, 308.9802028808503, 310.286647433917, 310.286647433917, 310.286647433917, 310.286647433917, 310.36272158317365, 310.36272158317365, 312.3829387247632, 312.3829387247632, 312.3829387247632, 312.3829387247632, 312.3829387247632, 312.3829387247632, 312.3829387247632, 312.3829387247632, 312.3829387247632, 312.3829387247632, 312.3829387247632, 313.4159193972888, 314.5796771801035, 314.5796771801035, 314.5796771801035, 314.5796771801035, 319.22950432934175, 319.22950432934175, 319.22950432934175, 319.22950432934175, 319.22950432934175, 319.22950432934175, 319.22950432934175, 319.22950432934175, 319.22950432934175, 319.22950432934175, 319.22950432934175, 319.22950432934175, 319.22950432934175, 319.22950432934175, 319.22950432934175, 319.22950432934175, 319.22950432934175, 319.22950432934175, 319.22950432934175, 319.22950432934175, 319.22950432934175, 319.22950432934175, 319.22950432934175, 321.5336051304439, 321.5336051304439, 321.5336051304439, 321.5336051304439, 321.5336051304439, 321.8895106047275, 321.8895106047275, 321.8895106047275, 321.8895106047275, 321.8895106047275, 321.8895106047275, 321.8895106047275, 321.8895106047275, 321.8895106047275, 321.8895106047275, 321.8895106047275, 321.8895106047275, 321.8895106047275, 321.8895106047275, 321.8895106047275, 321.8895106047275, 321.8895106047275, 321.8895106047275, 321.8895106047275, 321.8895106047275, 321.8895106047275, 322.70080520470736, 322.70080520470736, 322.70080520470736, 322.70080520470736, 322.70080520470736, 322.70080520470736, 324.0942006925956, 324.0942006925956, 324.0942006925956, 330.1950443877244, 330.1950443877244, 330.1950443877244, 330.1950443877244, 330.1950443877244, 330.1950443877244, 330.1950443877244, 330.1950443877244, 330.1950443877244, 330.1950443877244, 330.1950443877244, 330.1950443877244]
Execution Time: 596.5290 seconds

