Algorithm name: DE
Input file: soc-wiki-Vote.mtx
Budget: 200
Number of Nodes: 889
k: 40
Iterations: 100
Search Agents: 50

Run 1:
Best Seed Set: [170, 416, 482, 8, 568, 452, 199, 433, 548, 88, 396, 404, 552, 13, 57, 212, 691, 856, 317, 803, 557, 781, 223, 398, 496, 659, 687, 166, 51, 121, 109, 702, 193, 25]
Best Seed Set Cost: 198.9805
Best Fitness Value (LIE): 321.8632
Spread: 637.397
Convergence Curve: [297.45450880957026, 297.8634602623952, 297.8634602623952, 297.8634602623952, 297.8634602623952, 297.8634602623952, 297.8634602623952, 297.8634602623952, 298.97612672541305, 298.97612672541305, 303.96225453475887, 303.96225453475887, 303.96225453475887, 303.96225453475887, 303.96225453475887, 303.96225453475887, 303.96225453475887, 307.59193450709733, 309.4569580500378, 309.4569580500378, 316.9888569866589, 316.9888569866589, 316.9888569866589, 316.9888569866589, 316.9888569866589, 316.9888569866589, 316.9888569866589, 316.9888569866589, 316.9888569866589, 316.9888569866589, 316.9888569866589, 316.9888569866589, 316.9888569866589, 316.9888569866589, 316.9888569866589, 316.9888569866589, 316.9888569866589, 316.9888569866589, 316.9888569866589, 316.9888569866589, 316.9888569866589, 316.9888569866589, 316.9888569866589, 316.9888569866589, 316.9888569866589, 316.9888569866589, 316.9888569866589, 316.9888569866589, 316.9888569866589, 316.9888569866589, 316.9888569866589, 316.9888569866589, 316.9888569866589, 316.9888569866589, 316.9888569866589, 316.9888569866589, 316.9888569866589, 316.9888569866589, 316.9888569866589, 316.9888569866589, 319.74522277506173, 319.74522277506173, 319.74522277506173, 319.74522277506173, 319.74522277506173, 319.74522277506173, 319.74522277506173, 319.74522277506173, 319.74522277506173, 319.74522277506173, 319.74522277506173, 320.25324249860387, 320.25324249860387, 320.3724085735617, 320.3724085735617, 320.3724085735617, 320.3724085735617, 320.3724085735617, 320.3724085735617, 320.3724085735617, 320.5669008574847, 320.5669008574847, 320.5669008574847, 320.5669008574847, 320.5669008574847, 320.5669008574847, 320.5669008574847, 320.5669008574847, 320.5669008574847, 320.5669008574847, 320.5669008574847, 320.5669008574847, 320.5669008574847, 320.5669008574847, 320.5669008574847, 320.5669008574847, 321.8632275330394, 321.8632275330394, 321.8632275330394, 321.8632275330394]
Execution Time: 583.0251 seconds

Run 2:
Best Seed Set: [170, 550, 416, 230, 22, 482, 8, 452, 548, 415, 88, 396, 547, 552, 13, 666, 57, 224, 113, 856, 560, 807, 59, 769, 223, 853, 659, 372, 425, 710, 839]
Best Seed Set Cost: 198.4693
Best Fitness Value (LIE): 323.1393
Spread: 643.35
Convergence Curve: [304.77763486191895, 304.77763486191895, 304.77763486191895, 304.77763486191895, 311.74841556550655, 314.7929866054362, 314.7929866054362, 314.7929866054362, 314.7929866054362, 314.7929866054362, 314.7929866054362, 314.7929866054362, 314.7929866054362, 314.7929866054362, 315.6759418488081, 315.6759418488081, 315.6759418488081, 315.6759418488081, 315.6759418488081, 316.9877835219097, 316.9877835219097, 316.9877835219097, 316.9877835219097, 316.9877835219097, 316.9877835219097, 316.9877835219097, 316.9877835219097, 316.9877835219097, 316.9877835219097, 316.9877835219097, 316.9877835219097, 316.9877835219097, 316.9877835219097, 316.9877835219097, 316.9877835219097, 316.9877835219097, 316.9877835219097, 316.9877835219097, 316.9877835219097, 316.9877835219097, 316.9877835219097, 316.9877835219097, 316.9877835219097, 316.9877835219097, 316.9877835219097, 316.9877835219097, 316.9877835219097, 316.9877835219097, 316.9877835219097, 316.9877835219097, 317.8483021476904, 317.8483021476904, 317.8483021476904, 318.03555749063435, 318.03555749063435, 318.03555749063435, 318.03555749063435, 318.03555749063435, 318.03555749063435, 318.03555749063435, 320.43398532146966, 320.43398532146966, 320.43398532146966, 320.43398532146966, 320.43398532146966, 320.43398532146966, 320.43398532146966, 320.43398532146966, 320.43398532146966, 320.43398532146966, 320.43398532146966, 320.43398532146966, 320.43398532146966, 320.43398532146966, 320.43398532146966, 320.43398532146966, 320.43398532146966, 320.7641643590077, 320.7641643590077, 320.7641643590077, 320.7641643590077, 320.7641643590077, 320.7641643590077, 320.7641643590077, 320.7641643590077, 320.7641643590077, 320.7641643590077, 322.894026033281, 322.894026033281, 322.894026033281, 323.1393489768692, 323.1393489768692, 323.1393489768692, 323.1393489768692, 323.1393489768692, 323.1393489768692, 323.1393489768692, 323.1393489768692, 323.1393489768692, 323.1393489768692]
Execution Time: 567.1743 seconds

Run 3:
Best Seed Set: [431, 170, 550, 380, 617, 697, 8, 415, 88, 466, 552, 13, 434, 123, 856, 364, 98, 266, 803, 59, 781, 398, 626, 372, 121, 337, 299, 25]
Best Seed Set Cost: 198.8431
Best Fitness Value (LIE): 324.9345
Spread: 643.73
Convergence Curve: [300.4559224791486, 302.59683157035863, 302.59683157035863, 302.59683157035863, 302.59683157035863, 302.59683157035863, 302.59683157035863, 306.0989429379275, 306.0989429379275, 306.0989429379275, 306.0989429379275, 306.0989429379275, 309.0175429442761, 309.0175429442761, 309.0175429442761, 309.0175429442761, 309.0175429442761, 310.36385252223863, 310.36385252223863, 311.6006321422361, 311.6006321422361, 311.6006321422361, 311.6006321422361, 311.6006321422361, 311.6006321422361, 311.6006321422361, 311.6006321422361, 311.6006321422361, 316.4364694596878, 316.4364694596878, 316.4364694596878, 316.4364694596878, 316.4364694596878, 316.4364694596878, 316.4364694596878, 316.4364694596878, 316.7263094648371, 316.7263094648371, 316.7263094648371, 319.0029202657134, 319.0029202657134, 319.0029202657134, 321.36893228603486, 321.36893228603486, 321.36893228603486, 321.36893228603486, 321.36893228603486, 321.36893228603486, 321.36893228603486, 321.36893228603486, 321.36893228603486, 321.36893228603486, 321.36893228603486, 321.36893228603486, 321.36893228603486, 321.36893228603486, 321.36893228603486, 321.36893228603486, 321.36893228603486, 321.36893228603486, 321.36893228603486, 321.36893228603486, 321.36893228603486, 321.36893228603486, 321.36893228603486, 321.36893228603486, 324.3066580393454, 324.3066580393454, 324.3066580393454, 324.3066580393454, 324.3066580393454, 324.3066580393454, 324.3066580393454, 324.9344977414032, 324.9344977414032, 324.9344977414032, 324.9344977414032, 324.9344977414032, 324.9344977414032, 324.9344977414032, 324.9344977414032, 324.9344977414032, 324.9344977414032, 324.9344977414032, 324.9344977414032, 324.9344977414032, 324.9344977414032, 324.9344977414032, 324.9344977414032, 324.9344977414032, 324.9344977414032, 324.9344977414032, 324.9344977414032, 324.9344977414032, 324.9344977414032, 324.9344977414032, 324.9344977414032, 324.9344977414032, 324.9344977414032, 324.9344977414032]
Execution Time: 550.7101 seconds

Run 4:
Best Seed Set: [431, 170, 550, 617, 8, 453, 415, 386, 709, 404, 13, 212, 691, 259, 588, 113, 856, 364, 98, 807, 557, 659, 692, 819, 166, 121, 839, 702, 25]
Best Seed Set Cost: 199.8416
Best Fitness Value (LIE): 324.8090
Spread: 646.105
Convergence Curve: [297.14417476251015, 297.14417476251015, 299.8201585631945, 299.8201585631945, 307.6987291870782, 307.6987291870782, 307.6987291870782, 307.6987291870782, 307.6987291870782, 308.4061833044311, 308.4061833044311, 308.4061833044311, 311.4063175467322, 311.4063175467322, 311.4063175467322, 311.4063175467322, 311.4063175467322, 311.4063175467322, 311.4063175467322, 312.6458845179403, 313.6635120791188, 313.6635120791188, 313.6635120791188, 314.6728464409944, 314.6728464409944, 314.6728464409944, 314.6728464409944, 314.70943961929, 314.70943961929, 315.4516760473835, 318.3988008501276, 318.3988008501276, 318.3988008501276, 318.3988008501276, 318.3988008501276, 318.3988008501276, 318.3988008501276, 318.3988008501276, 318.3988008501276, 318.3988008501276, 318.3988008501276, 318.3988008501276, 324.80904579012565, 324.80904579012565, 324.80904579012565, 324.80904579012565, 324.80904579012565, 324.80904579012565, 324.80904579012565, 324.80904579012565, 324.80904579012565, 324.80904579012565, 324.80904579012565, 324.80904579012565, 324.80904579012565, 324.80904579012565, 324.80904579012565, 324.80904579012565, 324.80904579012565, 324.80904579012565, 324.80904579012565, 324.80904579012565, 324.80904579012565, 324.80904579012565, 324.80904579012565, 324.80904579012565, 324.80904579012565, 324.80904579012565, 324.80904579012565, 324.80904579012565, 324.80904579012565, 324.80904579012565, 324.80904579012565, 324.80904579012565, 324.80904579012565, 324.80904579012565, 324.80904579012565, 324.80904579012565, 324.80904579012565, 324.80904579012565, 324.80904579012565, 324.80904579012565, 324.80904579012565, 324.80904579012565, 324.80904579012565, 324.80904579012565, 324.80904579012565, 324.80904579012565, 324.80904579012565, 324.80904579012565, 324.80904579012565, 324.80904579012565, 324.80904579012565, 324.80904579012565, 324.80904579012565, 324.80904579012565, 324.80904579012565, 324.80904579012565, 324.80904579012565, 324.80904579012565]
Execution Time: 546.9829 seconds

Run 5:
Best Seed Set: [431, 170, 447, 8, 562, 635, 458, 606, 415, 237, 233, 88, 408, 404, 552, 707, 57, 212, 691, 588, 803, 807, 557, 496, 51, 822, 193, 299, 25]
Best Seed Set Cost: 199.8769
Best Fitness Value (LIE): 315.0954
Spread: 645.352
Convergence Curve: [303.63314997093966, 305.14859254823625, 305.14859254823625, 305.14859254823625, 305.14859254823625, 305.14859254823625, 305.14859254823625, 305.14859254823625, 306.15939790851104, 306.15939790851104, 306.15939790851104, 306.15939790851104, 307.611393533409, 307.611393533409, 307.611393533409, 307.611393533409, 308.8709044272394, 308.8709044272394, 308.8709044272394, 308.8709044272394, 308.8709044272394, 308.8709044272394, 308.8709044272394, 308.8709044272394, 308.8709044272394, 308.87919112013134, 308.87919112013134, 308.87919112013134, 308.87919112013134, 313.2358330435565, 313.2358330435565, 313.2358330435565, 313.2358330435565, 313.2358330435565, 313.2358330435565, 313.2358330435565, 313.2358330435565, 313.8580630268515, 313.8580630268515, 313.8580630268515, 313.8580630268515, 313.8580630268515, 313.8580630268515, 313.8580630268515, 313.8580630268515, 313.8580630268515, 315.09540648787845, 315.09540648787845, 315.09540648787845, 315.09540648787845, 315.09540648787845, 315.09540648787845, 315.09540648787845, 315.09540648787845, 315.09540648787845, 315.09540648787845, 315.09540648787845, 315.09540648787845, 315.09540648787845, 315.09540648787845, 315.09540648787845, 315.09540648787845, 315.09540648787845, 315.09540648787845, 315.09540648787845, 315.09540648787845, 315.09540648787845, 315.09540648787845, 315.09540648787845, 315.09540648787845, 315.09540648787845, 315.09540648787845, 315.09540648787845, 315.09540648787845, 315.09540648787845, 315.09540648787845, 315.09540648787845, 315.09540648787845, 315.09540648787845, 315.09540648787845, 315.09540648787845, 315.09540648787845, 315.09540648787845, 315.09540648787845, 315.09540648787845, 315.09540648787845, 315.09540648787845, 315.09540648787845, 315.09540648787845, 315.09540648787845, 315.09540648787845, 315.09540648787845, 315.09540648787845, 315.09540648787845, 315.09540648787845, 315.09540648787845, 315.09540648787845, 315.09540648787845, 315.09540648787845, 315.09540648787845]
Execution Time: 562.8908 seconds

Run 6:
Best Seed Set: [170, 230, 380, 617, 697, 447, 8, 562, 568, 452, 458, 239, 237, 233, 88, 466, 396, 666, 356, 455, 738, 588, 113, 856, 205, 660, 59, 781, 564, 389]
Best Seed Set Cost: 198.9451
Best Fitness Value (LIE): 320.0718
Spread: 639.729
Convergence Curve: [294.96311844049575, 297.4105702484542, 297.81273561347314, 297.81273561347314, 301.49758646814536, 304.00131260279863, 304.00131260279863, 304.4903824735178, 316.66583363303846, 316.66583363303846, 316.66583363303846, 316.66583363303846, 316.66583363303846, 316.66583363303846, 316.66583363303846, 316.66583363303846, 316.66583363303846, 316.66583363303846, 316.66583363303846, 316.66583363303846, 316.66583363303846, 316.66583363303846, 316.66583363303846, 316.66583363303846, 316.66583363303846, 316.66583363303846, 316.66583363303846, 316.66583363303846, 316.66583363303846, 316.66583363303846, 316.66583363303846, 316.66583363303846, 316.66583363303846, 316.66583363303846, 316.66583363303846, 316.66583363303846, 316.66583363303846, 316.66583363303846, 316.66583363303846, 316.66583363303846, 316.66583363303846, 316.66583363303846, 316.66583363303846, 316.66583363303846, 316.66583363303846, 316.66583363303846, 316.66583363303846, 316.66583363303846, 316.66583363303846, 316.66583363303846, 316.66583363303846, 316.66583363303846, 316.66583363303846, 316.66583363303846, 316.66583363303846, 316.66583363303846, 316.66583363303846, 316.66583363303846, 316.66583363303846, 319.14687303806596, 319.14687303806596, 319.14687303806596, 319.14687303806596, 319.14687303806596, 319.14687303806596, 319.14687303806596, 319.14687303806596, 319.14687303806596, 319.14687303806596, 319.14687303806596, 319.14687303806596, 319.14687303806596, 319.14687303806596, 319.14687303806596, 319.14687303806596, 319.14687303806596, 320.07178964126746, 320.07178964126746, 320.07178964126746, 320.07178964126746, 320.07178964126746, 320.07178964126746, 320.07178964126746, 320.07178964126746, 320.07178964126746, 320.07178964126746, 320.07178964126746, 320.07178964126746, 320.07178964126746, 320.07178964126746, 320.07178964126746, 320.07178964126746, 320.07178964126746, 320.07178964126746, 320.07178964126746, 320.07178964126746, 320.07178964126746, 320.07178964126746, 320.07178964126746, 320.07178964126746]
Execution Time: 569.5347 seconds

Run 7:
Best Seed Set: [170, 204, 550, 380, 8, 562, 415, 233, 471, 88, 386, 547, 552, 13, 666, 57, 212, 738, 259, 434, 113, 856, 803, 807, 205, 59, 769, 781, 299]
Best Seed Set Cost: 199.4489
Best Fitness Value (LIE): 325.1062
Spread: 645.569
Convergence Curve: [296.04790320736214, 296.04790320736214, 296.04790320736214, 296.04790320736214, 296.04790320736214, 300.4819517457217, 302.7035226266004, 302.7035226266004, 302.7035226266004, 302.7035226266004, 302.7035226266004, 302.7035226266004, 302.7035226266004, 305.3681600829323, 305.3681600829323, 305.3681600829323, 305.3681600829323, 305.3681600829323, 305.3681600829323, 305.3681600829323, 305.3681600829323, 306.5944797600141, 306.5944797600141, 310.79567432120746, 310.79567432120746, 310.79567432120746, 310.79567432120746, 310.79567432120746, 310.79567432120746, 310.79567432120746, 310.79567432120746, 311.27585351818294, 312.78602183156954, 312.78602183156954, 312.78602183156954, 312.78602183156954, 312.78602183156954, 313.7684862802091, 313.7684862802091, 314.7424156121946, 314.7424156121946, 314.7424156121946, 314.7424156121946, 325.10624350479065, 325.10624350479065, 325.10624350479065, 325.10624350479065, 325.10624350479065, 325.10624350479065, 325.10624350479065, 325.10624350479065, 325.10624350479065, 325.10624350479065, 325.10624350479065, 325.10624350479065, 325.10624350479065, 325.10624350479065, 325.10624350479065, 325.10624350479065, 325.10624350479065, 325.10624350479065, 325.10624350479065, 325.10624350479065, 325.10624350479065, 325.10624350479065, 325.10624350479065, 325.10624350479065, 325.10624350479065, 325.10624350479065, 325.10624350479065, 325.10624350479065, 325.10624350479065, 325.10624350479065, 325.10624350479065, 325.10624350479065, 325.10624350479065, 325.10624350479065, 325.10624350479065, 325.10624350479065, 325.10624350479065, 325.10624350479065, 325.10624350479065, 325.10624350479065, 325.10624350479065, 325.10624350479065, 325.10624350479065, 325.10624350479065, 325.10624350479065, 325.10624350479065, 325.10624350479065, 325.10624350479065, 325.10624350479065, 325.10624350479065, 325.10624350479065, 325.10624350479065, 325.10624350479065, 325.10624350479065, 325.10624350479065, 325.10624350479065, 325.10624350479065]
Execution Time: 566.7291 seconds

Run 8:
Best Seed Set: [170, 550, 230, 697, 8, 562, 239, 415, 545, 88, 386, 552, 455, 259, 392, 224, 856, 803, 526, 557, 660, 523, 59, 769, 158, 484, 166, 511, 121, 425, 710, 839, 193]
Best Seed Set Cost: 199.6684
Best Fitness Value (LIE): 323.0865
Spread: 639.397
Convergence Curve: [293.362625182939, 293.362625182939, 300.6454929455852, 300.6454929455852, 300.6454929455852, 300.6454929455852, 303.2206724998442, 303.2206724998442, 308.9103315944829, 308.9103315944829, 308.9103315944829, 308.9103315944829, 308.9103315944829, 308.9103315944829, 308.9103315944829, 308.9103315944829, 308.9103315944829, 308.9103315944829, 308.9103315944829, 308.9103315944829, 309.7050801230209, 312.0287168478248, 312.0287168478248, 312.0287168478248, 312.0287168478248, 312.0287168478248, 312.0287168478248, 312.0287168478248, 312.0287168478248, 312.0287168478248, 314.94647986254444, 314.94647986254444, 314.94647986254444, 314.94647986254444, 314.94647986254444, 314.94647986254444, 314.94647986254444, 314.94647986254444, 314.94647986254444, 314.94647986254444, 314.94647986254444, 314.94647986254444, 316.9045595168776, 316.9045595168776, 316.9045595168776, 316.9045595168776, 316.9045595168776, 316.9045595168776, 316.9045595168776, 316.9045595168776, 319.15038660046577, 319.15038660046577, 319.15038660046577, 319.15038660046577, 319.15038660046577, 319.15038660046577, 319.15038660046577, 319.15038660046577, 319.15038660046577, 319.15038660046577, 319.15038660046577, 319.15038660046577, 319.15038660046577, 319.15038660046577, 319.15038660046577, 319.15038660046577, 319.15038660046577, 319.15038660046577, 319.15038660046577, 319.15038660046577, 319.15038660046577, 319.15038660046577, 319.15038660046577, 319.15038660046577, 319.15038660046577, 319.15038660046577, 319.15038660046577, 319.15038660046577, 319.15038660046577, 319.15038660046577, 319.15038660046577, 319.15038660046577, 319.15038660046577, 319.15038660046577, 319.15038660046577, 319.15038660046577, 319.15038660046577, 319.15038660046577, 319.15038660046577, 319.15038660046577, 319.15038660046577, 319.15038660046577, 323.08650787185417, 323.08650787185417, 323.08650787185417, 323.08650787185417, 323.08650787185417, 323.08650787185417, 323.08650787185417, 323.08650787185417]
Execution Time: 555.7444 seconds

Run 9:
Best Seed Set: [431, 170, 380, 482, 8, 635, 449, 199, 239, 690, 415, 237, 471, 709, 13, 57, 356, 113, 856, 98, 807, 205, 557, 490, 121, 25, 564]
Best Seed Set Cost: 199.8453
Best Fitness Value (LIE): 331.1300
Spread: 646.54
Convergence Curve: [293.0497322745447, 306.6436090728329, 306.6436090728329, 306.6436090728329, 306.6436090728329, 306.6436090728329, 306.68297789051036, 306.68297789051036, 306.68297789051036, 306.68297789051036, 306.68297789051036, 308.9380065415866, 308.9380065415866, 308.9380065415866, 308.9380065415866, 308.9380065415866, 309.8215435174877, 309.90173969228346, 315.7996903427617, 315.7996903427617, 315.7996903427617, 315.7996903427617, 315.7996903427617, 315.7996903427617, 315.7996903427617, 319.21695017272697, 319.21695017272697, 319.21695017272697, 319.21695017272697, 319.21695017272697, 320.1776728060908, 320.1776728060908, 320.1776728060908, 320.1776728060908, 320.1776728060908, 320.1776728060908, 320.1776728060908, 320.5796211655785, 320.5796211655785, 320.5796211655785, 320.891273356385, 320.891273356385, 320.891273356385, 320.891273356385, 320.891273356385, 320.891273356385, 320.891273356385, 320.891273356385, 320.891273356385, 320.891273356385, 320.9048519187864, 320.9048519187864, 320.9048519187864, 320.9048519187864, 320.9048519187864, 320.9048519187864, 321.19012768785353, 321.19012768785353, 321.19012768785353, 321.19012768785353, 321.88514664886225, 321.88514664886225, 321.88514664886225, 321.88514664886225, 321.88514664886225, 321.88514664886225, 321.88514664886225, 322.4160994657467, 322.4160994657467, 322.4160994657467, 322.645282678702, 322.645282678702, 322.645282678702, 322.645282678702, 324.07394547806416, 324.07394547806416, 324.07394547806416, 324.07394547806416, 324.07394547806416, 324.07394547806416, 324.07394547806416, 331.1300068239432, 331.1300068239432, 331.1300068239432, 331.1300068239432, 331.1300068239432, 331.1300068239432, 331.1300068239432, 331.1300068239432, 331.1300068239432, 331.1300068239432, 331.1300068239432, 331.1300068239432, 331.1300068239432, 331.1300068239432, 331.1300068239432, 331.1300068239432, 331.1300068239432, 331.1300068239432, 331.1300068239432]
Execution Time: 501.7001 seconds

Run 10:
Best Seed Set: [170, 550, 736, 230, 762, 8, 562, 452, 606, 415, 233, 13, 807, 557, 59, 223, 626, 692, 819, 257, 490, 428, 430, 539, 385, 459, 406, 372, 121, 529, 710, 461, 702, 193, 25, 765]
Best Seed Set Cost: 199.4048
Best Fitness Value (LIE): 329.0129
Spread: 636.752
Convergence Curve: [289.15880380824177, 297.7942053895664, 297.7942053895664, 304.1239234323025, 304.1239234323025, 304.1239234323025, 304.1239234323025, 304.1239234323025, 305.58402371447914, 305.58402371447914, 306.64614537167876, 306.64614537167876, 306.64614537167876, 306.64614537167876, 306.64614537167876, 306.64614537167876, 306.64614537167876, 306.64614537167876, 306.64614537167876, 311.65464577027956, 311.65464577027956, 311.65464577027956, 311.65464577027956, 311.65464577027956, 311.65464577027956, 311.65464577027956, 311.65464577027956, 311.65464577027956, 311.65464577027956, 312.4512620977874, 314.0376510110751, 314.0376510110751, 314.0376510110751, 314.0376510110751, 314.0376510110751, 314.0376510110751, 314.0376510110751, 314.0376510110751, 314.0376510110751, 314.0376510110751, 314.0376510110751, 314.0376510110751, 317.0998800045381, 317.0998800045381, 317.0998800045381, 317.0998800045381, 317.0998800045381, 317.0998800045381, 317.0998800045381, 317.0998800045381, 317.0998800045381, 317.0998800045381, 317.0998800045381, 317.0998800045381, 323.3342979807276, 323.3342979807276, 323.3342979807276, 323.3342979807276, 323.3342979807276, 323.3342979807276, 323.3342979807276, 323.3342979807276, 323.3342979807276, 323.3342979807276, 323.3342979807276, 323.3342979807276, 323.3342979807276, 323.3342979807276, 323.3342979807276, 323.3342979807276, 323.3342979807276, 323.3342979807276, 323.3342979807276, 323.3342979807276, 323.3342979807276, 323.7895835860555, 323.7895835860555, 323.7895835860555, 323.7895835860555, 323.7895835860555, 323.7895835860555, 323.7895835860555, 326.47326161713374, 326.47326161713374, 326.47326161713374, 326.47326161713374, 326.47326161713374, 326.47326161713374, 326.47326161713374, 329.01291359376364, 329.01291359376364, 329.01291359376364, 329.01291359376364, 329.01291359376364, 329.01291359376364, 329.01291359376364, 329.01291359376364, 329.01291359376364, 329.01291359376364, 329.01291359376364]
Execution Time: 471.2709 seconds

