Algorithm name: DE
Input file: soc-hamsterster.edges
Budget: 800
Number of Nodes: 2426
k: 10
Iterations: 100
Search Agents: 50

Run 1:
Best Seed Set: [73, 121, 6, 622, 313, 20, 637, 248, 822, 323]
Best Seed Set Cost: 613.2298
Best Fitness Value (LIE): 440.6403
Spread: 1797.661
Convergence Curve: [345.43444768813157, 356.45632639296537, 356.45632639296537, 356.45632639296537, 356.45632639296537, 356.45632639296537, 356.45632639296537, 356.45632639296537, 356.45632639296537, 356.45632639296537, 356.45632639296537, 369.09429459308546, 369.09429459308546, 369.09429459308546, 369.09429459308546, 369.09429459308546, 399.9160651061954, 399.9160651061954, 399.9160651061954, 399.9160651061954, 415.4693882715054, 415.4693882715054, 415.4693882715054, 415.4693882715054, 415.4693882715054, 415.4693882715054, 415.4693882715054, 415.4693882715054, 415.4693882715054, 415.4693882715054, 415.4693882715054, 415.4693882715054, 415.4693882715054, 415.4693882715054, 415.4693882715054, 415.4693882715054, 415.4693882715054, 415.4693882715054, 415.4693882715054, 415.4693882715054, 415.4693882715054, 415.4693882715054, 415.4693882715054, 427.48303465497315, 427.48303465497315, 427.48303465497315, 427.48303465497315, 427.48303465497315, 427.48303465497315, 427.48303465497315, 427.48303465497315, 427.48303465497315, 427.48303465497315, 427.48303465497315, 427.48303465497315, 427.48303465497315, 427.48303465497315, 427.48303465497315, 427.48303465497315, 427.48303465497315, 427.48303465497315, 440.64032434430635, 440.64032434430635, 440.64032434430635, 440.64032434430635, 440.64032434430635, 440.64032434430635, 440.64032434430635, 440.64032434430635, 440.64032434430635, 440.64032434430635, 440.64032434430635, 440.64032434430635, 440.64032434430635, 440.64032434430635, 440.64032434430635, 440.64032434430635, 440.64032434430635, 440.64032434430635, 440.64032434430635, 440.64032434430635, 440.64032434430635, 440.64032434430635, 440.64032434430635, 440.64032434430635, 440.64032434430635, 440.64032434430635, 440.64032434430635, 440.64032434430635, 440.64032434430635, 440.64032434430635, 440.64032434430635, 440.64032434430635, 440.64032434430635, 440.64032434430635, 440.64032434430635, 440.64032434430635, 440.64032434430635, 440.64032434430635, 440.64032434430635]
Execution Time: 1833.1707 seconds

Run 2:
Best Seed Set: [73, 6, 301, 202, 640, 2, 181, 518, 312, 248]
Best Seed Set Cost: 565.7148
Best Fitness Value (LIE): 439.0563
Spread: 1799.291
Convergence Curve: [361.5755976473382, 361.5755976473382, 361.5755976473382, 361.5755976473382, 375.8524724091772, 375.8524724091772, 375.8524724091772, 375.8524724091772, 375.8524724091772, 375.8524724091772, 377.14478619001727, 377.14478619001727, 377.14478619001727, 377.14478619001727, 377.14478619001727, 377.14478619001727, 377.14478619001727, 377.14478619001727, 377.14478619001727, 377.14478619001727, 377.14478619001727, 377.14478619001727, 383.2509006430018, 383.2509006430018, 383.2509006430018, 383.2509006430018, 383.2509006430018, 383.2509006430018, 383.2509006430018, 383.2509006430018, 383.2509006430018, 383.2509006430018, 383.2509006430018, 383.2509006430018, 401.6330990177928, 401.6330990177928, 401.6330990177928, 401.6330990177928, 401.6330990177928, 401.6330990177928, 401.6330990177928, 401.6330990177928, 401.6330990177928, 401.6330990177928, 401.6330990177928, 401.6330990177928, 401.6330990177928, 401.6330990177928, 401.6330990177928, 401.6330990177928, 401.6330990177928, 401.6330990177928, 401.6330990177928, 401.6330990177928, 401.6330990177928, 401.6330990177928, 401.6330990177928, 401.6330990177928, 401.6330990177928, 401.64896205744657, 401.64896205744657, 401.64896205744657, 401.64896205744657, 401.64896205744657, 401.64896205744657, 401.64896205744657, 401.64896205744657, 401.64896205744657, 439.05626863081613, 439.05626863081613, 439.05626863081613, 439.05626863081613, 439.05626863081613, 439.05626863081613, 439.05626863081613, 439.05626863081613, 439.05626863081613, 439.05626863081613, 439.05626863081613, 439.05626863081613, 439.05626863081613, 439.05626863081613, 439.05626863081613, 439.05626863081613, 439.05626863081613, 439.05626863081613, 439.05626863081613, 439.05626863081613, 439.05626863081613, 439.05626863081613, 439.05626863081613, 439.05626863081613, 439.05626863081613, 439.05626863081613, 439.05626863081613, 439.05626863081613, 439.05626863081613, 439.05626863081613, 439.05626863081613, 439.05626863081613]
Execution Time: 1845.3696 seconds

Run 3:
Best Seed Set: [73, 69, 121, 6, 202, 189, 131, 147, 252, 227]
Best Seed Set Cost: 649.0991
Best Fitness Value (LIE): 461.5906
Spread: 1798.472
Convergence Curve: [357.4428061335297, 357.4428061335297, 358.7526344044198, 358.7526344044198, 358.7526344044198, 358.7526344044198, 358.7526344044198, 358.7526344044198, 372.96853170156476, 372.96853170156476, 372.96853170156476, 372.96853170156476, 372.96853170156476, 430.6662473715863, 430.6662473715863, 430.6662473715863, 430.6662473715863, 430.6662473715863, 430.6662473715863, 430.6662473715863, 430.6662473715863, 430.6662473715863, 430.6662473715863, 430.6662473715863, 430.6662473715863, 430.6662473715863, 430.6662473715863, 430.6662473715863, 430.6662473715863, 430.6662473715863, 430.6662473715863, 430.6662473715863, 430.6662473715863, 430.6662473715863, 430.6662473715863, 430.6662473715863, 430.6662473715863, 430.6662473715863, 430.6662473715863, 430.6662473715863, 430.6662473715863, 430.6662473715863, 430.6662473715863, 430.6662473715863, 430.6662473715863, 430.6662473715863, 430.6662473715863, 430.6662473715863, 430.6662473715863, 430.6662473715863, 430.6662473715863, 430.6662473715863, 430.6662473715863, 430.6662473715863, 430.6662473715863, 430.6662473715863, 430.6662473715863, 430.6662473715863, 430.6662473715863, 430.6662473715863, 430.7489838812594, 430.7489838812594, 430.7489838812594, 430.7489838812594, 430.7489838812594, 430.7489838812594, 430.7489838812594, 430.7489838812594, 430.7489838812594, 430.7489838812594, 430.7489838812594, 430.7489838812594, 430.7489838812594, 430.7489838812594, 430.7489838812594, 430.7489838812594, 430.7489838812594, 430.7489838812594, 430.7489838812594, 430.7489838812594, 435.6135112196497, 435.6135112196497, 435.6135112196497, 435.6135112196497, 461.5906252485326, 461.5906252485326, 461.5906252485326, 461.5906252485326, 461.5906252485326, 461.5906252485326, 461.5906252485326, 461.5906252485326, 461.5906252485326, 461.5906252485326, 461.5906252485326, 461.5906252485326, 461.5906252485326, 461.5906252485326, 461.5906252485326, 461.5906252485326]
Execution Time: 1747.1257 seconds

Run 4:
Best Seed Set: [73, 121, 6, 301, 465, 20, 218, 3, 4, 479]
Best Seed Set Cost: 617.8956
Best Fitness Value (LIE): 452.7514
Spread: 1801.124
Convergence Curve: [399.57088869507, 399.57088869507, 399.57088869507, 399.57088869507, 399.57088869507, 399.57088869507, 399.57088869507, 399.57088869507, 399.57088869507, 399.57088869507, 399.57088869507, 399.57088869507, 399.57088869507, 399.57088869507, 399.57088869507, 399.57088869507, 399.57088869507, 399.57088869507, 399.57088869507, 399.57088869507, 399.57088869507, 399.57088869507, 399.57088869507, 399.57088869507, 399.57088869507, 399.57088869507, 399.57088869507, 404.3352234249288, 404.3352234249288, 404.3352234249288, 438.0681401984933, 438.0681401984933, 438.0681401984933, 438.0681401984933, 438.0681401984933, 438.0681401984933, 438.0681401984933, 438.0681401984933, 438.0681401984933, 438.0681401984933, 438.0681401984933, 438.0681401984933, 438.0681401984933, 438.0681401984933, 438.0681401984933, 438.0681401984933, 438.0681401984933, 438.0681401984933, 438.0681401984933, 438.0681401984933, 438.0681401984933, 438.0681401984933, 438.0681401984933, 438.0681401984933, 438.0681401984933, 438.0681401984933, 438.0681401984933, 438.0681401984933, 438.0681401984933, 438.0681401984933, 438.0681401984933, 438.0681401984933, 438.0681401984933, 438.0681401984933, 438.0681401984933, 438.0681401984933, 438.0681401984933, 438.0681401984933, 438.0681401984933, 438.0681401984933, 438.0681401984933, 438.0681401984933, 438.0681401984933, 438.0681401984933, 438.0681401984933, 438.0681401984933, 438.0681401984933, 438.0681401984933, 452.7513812481599, 452.7513812481599, 452.7513812481599, 452.7513812481599, 452.7513812481599, 452.7513812481599, 452.7513812481599, 452.7513812481599, 452.7513812481599, 452.7513812481599, 452.7513812481599, 452.7513812481599, 452.7513812481599, 452.7513812481599, 452.7513812481599, 452.7513812481599, 452.7513812481599, 452.7513812481599, 452.7513812481599, 452.7513812481599, 452.7513812481599, 452.7513812481599]
Execution Time: 1639.6003 seconds

Run 5:
Best Seed Set: [73, 121, 301, 21, 629, 181, 4, 641, 33, 75]
Best Seed Set Cost: 579.3378
Best Fitness Value (LIE): 419.5456
Spread: 1797.622
Convergence Curve: [381.24339010447136, 381.24339010447136, 381.24339010447136, 381.24339010447136, 381.24339010447136, 381.24339010447136, 382.8851931470949, 382.8851931470949, 382.8851931470949, 382.8851931470949, 382.8851931470949, 382.8851931470949, 382.8851931470949, 382.8851931470949, 382.8851931470949, 382.8851931470949, 382.8851931470949, 382.8851931470949, 382.8851931470949, 382.8851931470949, 382.8851931470949, 382.8851931470949, 417.97395724684577, 417.97395724684577, 417.97395724684577, 417.97395724684577, 417.97395724684577, 417.97395724684577, 417.97395724684577, 417.97395724684577, 417.97395724684577, 417.97395724684577, 417.97395724684577, 417.97395724684577, 417.97395724684577, 417.97395724684577, 417.97395724684577, 417.97395724684577, 417.97395724684577, 417.97395724684577, 417.97395724684577, 417.97395724684577, 417.97395724684577, 417.97395724684577, 417.97395724684577, 417.97395724684577, 417.97395724684577, 417.97395724684577, 417.97395724684577, 417.97395724684577, 417.97395724684577, 417.97395724684577, 417.97395724684577, 417.97395724684577, 417.97395724684577, 417.97395724684577, 417.97395724684577, 417.97395724684577, 417.97395724684577, 417.97395724684577, 417.97395724684577, 417.97395724684577, 417.97395724684577, 417.97395724684577, 417.97395724684577, 417.97395724684577, 417.97395724684577, 417.97395724684577, 417.97395724684577, 417.97395724684577, 417.97395724684577, 417.97395724684577, 417.97395724684577, 417.97395724684577, 417.97395724684577, 417.97395724684577, 417.97395724684577, 417.97395724684577, 417.97395724684577, 417.97395724684577, 417.97395724684577, 417.97395724684577, 417.97395724684577, 417.97395724684577, 417.97395724684577, 417.97395724684577, 419.54562149729725, 419.54562149729725, 419.54562149729725, 419.54562149729725, 419.54562149729725, 419.54562149729725, 419.54562149729725, 419.54562149729725, 419.54562149729725, 419.54562149729725, 419.54562149729725, 419.54562149729725, 419.54562149729725, 419.54562149729725]
Execution Time: 1591.7398 seconds

