2 48 13.0567
1 73 20.0810
16 43 11.7297
17 43 11.7297
24 9 3.1672
60 35 9.6487
72 72 19.7851
88 66 18.0387
92 8 2.9247
93 15 4.6310
103 162 57.5743
105 44 11.9934
112 34 9.3919
136 51 13.8637
143 48 13.0567
149 87 24.3909
154 98 28.0358
204 151 51.0052
207 16 4.8766
222 109 31.9666
226 41 11.2048
229 116 34.6466
232 84 23.4390
236 154 52.7119
261 91 25.6869
270 134 42.3425
275 126 38.7632
287 53 14.4064
311 124 37.9101
317 68 18.6154
324 45 12.2579
334 28 7.8653
373 149 49.8999
384 62 16.9004
385 25 7.1105
388 47 12.7896
399 51 13.8637
406 45 12.2579
408 46 12.5233
410 87 24.3909
439 45 12.2579
458 76 20.9776
510 30 8.3716
538 55 14.9531
555 108 31.5958
562 175 66.6024
563 66 18.0387
575 84 23.4390
580 83 23.1254
606 71 19.4906
627 92 26.0160
645 90 25.3599
650 89 25.0349
679 313 458.9655
697 77 21.2796
706 62 16.9004
709 135 42.8100
718 121 36.6593
742 66 18.0387
760 108 31.5958
781 83 23.1254
793 88 24.7119
797 65 17.7523
806 92 26.0160
807 20 5.8641
849 21 6.1123
851 34 9.3919
853 34 9.3919
864 58 15.7810
867 37 10.1644
889 211 102.2376
892 138 44.2416
894 29 8.1181
904 32 8.8804
19 86 24.0717
91 23 6.6103
122 4 1.9592
147 182 72.1540
194 68 18.6154
243 44 11.9934
284 79 21.8882
290 27 7.6131
308 62 16.9004
328 154 52.7119
379 38 10.4234
416 99 28.3805
419 94 26.6804
453 5 2.2000
529 123 37.4894
574 85 23.7545
599 29 8.1181
602 61 16.6188
614 29 8.1181
705 15 4.6310
758 63 17.1831
804 26 7.3615
830 160 56.3138
866 115 34.2543
870 84 23.4390
898 45 12.2579
957 73 20.0810
958 109 31.9666
3 1 1.2392
5 37 10.1644
4 11 3.6533
21 10 3.4100
210 59 16.0592
271 10 3.4100
309 138 44.2416
592 112 33.0966
801 9 3.1672
822 22 6.3610
842 43 11.7297
846 31 8.6257
931 8 2.9247
10 80 22.1950
34 32 8.8804
47 40 10.9436
78 16 4.8766
83 16 4.8766
175 11 3.6533
242 16 4.8766
273 30 8.3716
297 10 3.4100
338 18 5.3693
367 29 8.1181
428 22 6.3610
434 40 10.9436
467 33 9.1358
521 56 15.2280
525 70 19.1975
527 25 7.1105
535 16 4.8766
549 11 3.6533
569 13 4.1412
576 61 16.6188
633 109 31.9666
655 43 11.7297
710 136 43.2823
763 17 5.1227
775 75 20.6772
855 24 6.8601
877 55 14.9531
879 81 22.5034
884 50 13.5937
896 26 7.3615
914 11 3.6533
64 99 28.3805
6 17 5.1227
73 43 11.7297
99 57 15.5040
265 102 29.4289
348 65 17.7523
413 141 45.7185
415 11 3.6533
424 43 11.7297
561 76 20.9776
747 132 41.4213
795 102 29.4289
813 53 14.4064
944 24 6.8601
11 39 10.6831
7 38 10.4234
61 77 21.2796
97 6 2.4412
119 22 6.3610
171 25 7.1105
174 24 6.8601
221 11 3.6533
365 22 6.3610
451 49 13.3248
472 38 10.4234
490 26 7.3615
532 37 10.1644
545 22 6.3610
572 58 15.7810
584 17 5.1227
608 25 7.1105
722 79 21.8882
751 42 11.4669
771 15 4.6310
780 26 7.3615
808 155 53.2943
828 15 4.6310
829 21 6.1123
875 31 8.6257
890 8 2.9247
8 16 4.8766
116 33 9.1358
132 92 26.0160
153 19 5.6165
262 15 4.6310
339 59 16.0592
601 44 11.9934
682 53 14.4064
728 31 8.6257
796 50 13.5937
833 59 16.0592
852 60 16.3384
9 51 13.8637
56 39 10.6831
77 58 15.7810
86 8 2.9247
134 85 23.7545
150 72 19.7851
151 28 7.8653
160 111 32.7169
161 82 22.8135
259 75 20.6772
260 134 42.3425
293 158 55.0840
302 93 26.3471
427 7 2.6827
431 3 1.7189
440 18 5.3693
488 68 18.6154
494 60 16.3384
495 98 28.0358
557 24 6.8601
578 46 12.5233
581 24 6.8601
582 36 9.9062
597 22 6.3610
704 72 19.7851
707 4 1.9592
716 89 25.0349
723 58 15.7810
738 59 16.0592
783 5 2.2000
785 34 9.3919
790 14 4.3859
791 35 9.6487
826 17 5.1227
860 96 27.3536
868 26 7.3615
880 35 9.6487
895 98 28.0358
906 58 15.7810
959 76 20.9776
30 75 20.6772
54 27 7.6131
81 22 6.3610
85 40 10.9436
98 61 16.6188
114 35 9.6487
162 67 18.3264
172 52 14.1345
184 95 27.0159
198 75 20.6772
206 124 37.9101
214 110 32.3403
228 25 7.1105
244 39 10.6831
246 116 34.6466
312 90 25.3599
366 54 14.6792
371 39 10.6831
381 47 12.7896
393 31 8.6257
405 96 27.3536
430 52 14.1345
455 40 10.9436
471 42 11.4669
474 67 18.3264
489 80 22.1950
570 15 4.6310
579 84 23.4390
607 35 9.6487
659 40 10.9436
669 116 34.6466
691 62 16.9004
699 33 9.1358
748 126 38.7632
773 34 9.3919
812 53 14.4064
837 101 29.0770
874 47 12.7896
878 11 3.6533
912 52 14.1345
945 20 5.8641
948 35 9.6487
949 21 6.1123
954 55 14.9531
38 16 4.8766
44 51 13.8637
110 31 8.6257
258 21 6.1123
337 70 19.1975
370 20 5.8641
372 10 3.4100
459 9 3.1672
478 10 3.4100
499 17 5.1227
626 24 6.8601
712 69 18.9058
725 22 6.3610
726 28 7.8653
727 8 2.9247
743 26 7.3615
923 13 4.1412
925 3 1.7189
934 35 9.6487
952 20 5.8641
125 13 4.1412
12 6 2.4412
178 13 4.1412
185 7 2.6827
225 28 7.8653
300 1 1.2392
18 40 10.9436
13 15 4.6310
249 80 22.1950
425 2 1.4789
443 60 16.3384
447 1 1.2392
657 6 2.4412
689 60 16.3384
700 14 4.3859
746 106 30.8627
810 1 1.2392
845 40 10.9436
897 6 2.4412
101 88 24.7119
14 4 1.9592
910 8 2.9247
926 67 18.3264
46 37 10.1644
15 13 4.1412
217 20 5.8641
315 154 52.7119
744 60 16.3384
962 40 10.9436
326 54 14.6792
644 89 25.0349
847 51 13.8637
873 213 104.8467
25 51 13.8637
145 89 25.0349
146 96 27.3536
230 155 53.2943
251 55 14.9531
291 100 28.7275
396 68 18.6154
403 82 22.8135
404 9 3.1672
456 120 36.2497
501 95 27.0159
652 26 7.3615
731 32 8.8804
761 34 9.3919
805 124 37.9101
825 24 6.8601
924 55 14.9531
940 86 24.0717
45 45 12.2579
55 26 7.3615
113 47 12.7896
142 27 7.6131
155 157 54.4802
186 28 7.8653
196 41 11.2048
256 90 25.3599
276 36 9.9062
282 24 6.8601
299 91 25.6869
307 36 9.9062
343 62 16.9004
422 25 7.1105
436 86 24.0717
450 20 5.8641
493 59 16.0592
497 14 4.3859
530 39 10.6831
620 37 10.1644
632 48 13.0567
668 30 8.3716
696 6 2.4412
703 50 13.5937
708 19 5.6165
721 14 4.3859
792 98 28.0358
798 7 2.6827
48 82 22.8135
94 14 4.3859
96 23 6.6103
163 97 27.6936
179 33 9.1358
189 19 5.6165
190 29 8.1181
255 94 26.6804
268 81 22.5034
283 27 7.6131
288 58 15.7810
331 27 7.6131
400 75 20.6772
452 39 10.6831
480 68 18.6154
526 126 38.7632
540 27 7.6131
558 107 31.2278
617 127 39.1957
649 91 25.6869
685 79 21.8882
690 70 19.1975
692 17 5.1227
739 46 12.5233
754 96 27.3536
770 69 18.9058
821 37 10.1644
841 48 13.0567
856 118 35.4413
882 21 6.1123
919 31 8.6257
938 94 26.6804
943 8 2.9247
20 11 3.6533
158 20 5.8641
487 18 5.3693
547 10 3.4100
622 8 2.9247
900 33 9.1358
58 4 1.9592
208 40 10.9436
52 115 34.2543
22 29 8.1181
363 15 4.6310
429 57 15.5040
448 30 8.3716
491 14 4.3859
498 29 8.1181
688 65 17.7523
733 65 17.7523
824 49 13.3248
832 28 7.8653
869 32 8.8804
90 49 13.3248
23 12 3.8970
129 19 5.6165
250 81 22.5034
376 19 5.6165
536 22 6.3610
616 42 11.4669
861 26 7.3615
209 21 6.1123
216 65 17.7523
248 69 18.9058
332 41 11.2048
353 71 19.4906
464 43 11.7297
646 183 72.9920
888 89 25.0349
905 42 11.4669
70 17 5.1227
26 25 7.1105
71 47 12.7896
74 20 5.8641
201 75 20.6772
321 131 40.9675
369 56 15.2280
377 48 13.0567
517 32 8.8804
586 54 14.6792
893 10 3.4100
27 4 1.9592
759 7 2.6827
28 18 5.3693
205 23 6.6103
636 23 6.6103
838 52 14.1345
908 106 30.8627
49 33 9.1358
29 7 2.6827
640 70 19.1975
667 54 14.6792
35 34 9.3919
121 43 11.7297
183 44 11.9934
203 87 24.3909
238 82 22.8135
245 18 5.3693
279 28 7.8653
319 29 8.1181
329 89 25.0349
354 37 10.1644
398 48 13.0567
417 24 6.8601
423 46 12.5233
426 48 13.0567
444 35 9.6487
483 20 5.8641
518 47 12.7896
524 25 7.1105
542 77 21.2796
629 12 3.8970
635 29 8.1181
714 27 7.6131
762 29 8.1181
854 46 12.5233
876 38 10.4234
886 67 18.3264
955 33 9.1358
960 47 12.7896
31 21 6.1123
157 48 13.0567
182 38 10.4234
237 31 8.6257
386 20 5.8641
470 43 11.7297
585 53 14.4064
671 95 27.0159
753 40 10.9436
927 58 15.7810
950 70 19.1975
32 20 5.8641
40 44 11.9934
57 72 19.7851
199 44 11.9934
323 27 7.6131
929 29 8.1181
33 1 1.2392
100 11 3.6533
252 49 13.3248
621 3 1.7189
662 16 4.8766
789 18 5.3693
433 14 4.3859
610 58 15.7810
933 64 17.4671
76 22 6.3610
36 19 5.6165
141 36 9.9062
239 27 7.6131
295 55 14.9531
468 64 17.4671
516 47 12.7896
301 51 13.8637
37 2 1.4789
102 21 6.1123
138 41 11.2048
39 47 12.7896
274 28 7.8653
446 20 5.8641
466 48 13.0567
615 48 13.0567
647 34 9.3919
651 69 18.9058
774 64 17.4671
802 23 6.6103
811 56 15.2280
59 74 20.3784
87 26 7.3615
220 50 13.5937
414 8 2.9247
508 43 11.7297
631 35 9.6487
799 23 6.6103
857 21 6.1123
915 36 9.9062
41 10 3.4100
180 11 3.6533
195 6 2.4412
215 3 1.7189
672 8 2.9247
683 19 5.6165
921 7 2.6827
42 4 1.9592
637 72 19.7851
784 3 1.7189
43 1 1.2392
66 15 4.6310
120 13 4.1412
235 18 5.3693
253 9 3.1672
292 13 4.1412
394 17 5.1227
421 7 2.6827
457 24 6.8601
463 17 5.1227
750 18 5.3693
755 28 7.8653
946 15 4.6310
50 25 7.1105
126 41 11.2048
231 51 13.8637
340 36 9.9062
461 71 19.4906
587 20 5.8641
729 76 20.9776
863 46 12.5233
937 65 17.7523
79 29 8.1181
188 51 13.8637
374 37 10.1644
618 72 19.7851
623 8 2.9247
656 100 28.7275
902 3 1.7189
139 39 10.6831
166 47 12.7896
176 34 9.3919
227 21 6.1123
411 38 10.4234
476 74 20.3784
522 40 10.9436
639 20 5.8641
75 62 16.9004
89 23 6.6103
128 94 26.6804
131 31 8.6257
137 24 6.8601
164 42 11.4669
177 33 9.1358
382 55 14.9531
395 13 4.1412
420 54 14.6792
432 34 9.3919
438 34 9.3919
469 13 4.1412
475 36 9.9062
481 26 7.3615
531 67 18.3264
534 46 12.5233
571 30 8.3716
590 13 4.1412
595 52 14.1345
600 19 5.6165
604 50 13.5937
624 52 14.1345
715 34 9.3919
719 36 9.9062
769 38 10.4234
836 30 8.3716
913 73 20.0810
918 59 16.0592
956 12 3.8970
118 64 17.4671
556 44 11.9934
677 1 1.2392
713 33 9.1358
734 33 9.1358
95 31 8.6257
191 40 10.9436
285 35 9.6487
358 9 3.1672
360 17 5.1227
666 14 4.3859
777 34 9.3919
51 6 2.4412
553 10 3.4100
917 15 4.6310
53 27 7.6131
127 55 14.9531
234 26 7.3615
241 19 5.6165
264 87 24.3909
325 57 15.5040
351 47 12.7896
361 16 4.8766
383 21 6.1123
407 71 19.4906
504 29 8.1181
539 49 13.3248
543 27 7.6131
665 1 1.2392
681 63 17.1831
794 53 14.4064
916 34 9.3919
304 17 5.1227
502 70 19.1975
505 81 22.5034
757 42 11.4669
286 25 7.1105
278 21 6.1123
922 26 7.3615
168 30 8.3716
313 86 24.0717
496 84 23.4390
528 25 7.1105
550 80 22.1950
701 53 14.4064
711 29 8.1181
909 62 16.9004
930 45 12.2579
941 67 18.3264
953 59 16.0592
111 15 4.6310
144 27 7.6131
435 19 5.6165
441 56 15.2280
594 26 7.3615
872 13 4.1412
192 53 14.4064
362 55 14.9531
484 21 6.1123
593 21 6.1123
670 42 11.4669
788 23 6.6103
211 12 3.8970
390 38 10.4234
479 6 2.4412
62 1 1.2392
63 31 8.6257
364 48 13.0567
181 9 3.1672
336 40 10.9436
482 19 5.6165
765 42 11.4669
831 10 3.4100
936 51 13.8637
65 20 5.8641
935 41 11.2048
412 15 4.6310
735 18 5.3693
883 19 5.6165
67 46 12.5233
108 12 3.8970
117 7 2.6827
613 23 6.6103
674 26 7.3615
871 20 5.8641
903 25 7.1105
68 26 7.3615
173 17 5.1227
266 26 7.3615
296 51 13.8637
462 8 2.9247
537 25 7.1105
349 4 1.9592
69 4 1.9592
460 52 14.1345
603 41 11.2048
612 31 8.6257
767 14 4.3859
82 34 9.3919
660 13 4.1412
737 34 9.3919
741 14 4.3859
815 24 6.8601
233 24 6.8601
648 29 8.1181
740 43 11.7297
749 12 3.8970
858 21 6.1123
104 32 8.8804
634 12 3.8970
109 29 8.1181
130 20 5.8641
628 10 3.4100
809 27 7.6131
848 29 8.1181
187 7 2.6827
80 8 2.9247
197 11 3.6533
500 13 4.1412
566 18 5.3693
84 10 3.4100
442 8 2.9247
786 40 10.9436
503 9 3.1672
756 25 7.1105
523 18 5.3693
565 5 2.2000
642 26 7.3615
676 35 9.6487
156 32 8.8804
515 18 5.3693
552 46 12.5233
664 21 6.1123
583 15 4.6310
159 6 2.4412
803 2 1.4789
473 15 4.6310
752 44 11.9934
277 15 4.6310
352 16 4.8766
402 14 4.3859
663 7 2.6827
745 10 3.4100
901 17 5.1227
947 17 5.1227
609 15 4.6310
920 29 8.1181
106 17 5.1227
418 34 9.3919
686 44 11.9934
687 46 12.5233
693 21 6.1123
720 44 11.9934
115 32 8.8804
345 28 7.8653
598 5 2.2000
355 10 3.4100
512 24 6.8601
823 23 6.6103
843 23 6.6103
928 59 16.0592
335 17 5.1227
409 15 4.6310
169 20 5.8641
223 23 6.6103
322 23 6.6103
389 14 4.3859
589 45 12.2579
611 23 6.6103
694 17 5.1227
730 8 2.9247
951 31 8.6257
193 7 2.6827
240 12 3.8970
330 12 3.8970
454 19 5.6165
800 9 3.1672
907 5 2.2000
630 13 4.1412
107 15 4.6310
678 20 5.8641
486 10 3.4100
541 23 6.6103
732 6 2.4412
736 6 2.4412
148 23 6.6103
152 15 4.6310
267 9 3.1672
269 15 4.6310
310 18 5.3693
320 32 8.8804
899 2 1.4789
200 14 4.3859
224 1 1.2392
568 14 4.3859
596 21 6.1123
695 3 1.7189
254 10 3.4100
350 8 2.9247
840 1 1.2392
818 24 6.8601
212 16 4.8766
257 40 10.9436
387 11 3.6533
782 4 1.9592
911 9 3.1672
641 5 2.2000
123 2 1.4789
124 8 2.9247
314 6 2.4412
492 6 2.4412
768 6 2.4412
942 9 3.1672
375 8 2.9247
865 26 7.3615
391 26 7.3615
449 9 3.1672
544 12 3.8970
554 33 9.1358
165 18 5.3693
519 26 7.3615
327 45 12.2579
887 18 5.3693
133 1 1.2392
140 14 4.3859
675 8 2.9247
135 9 3.1672
333 12 3.8970
437 27 7.6131
673 19 5.6165
638 14 4.3859
357 27 7.6131
548 7 2.6827
698 21 6.1123
247 23 6.6103
303 3 1.7189
445 25 7.1105
559 12 3.8970
564 8 2.9247
932 10 3.4100
401 9 3.1672
378 6 2.4412
356 17 5.1227
359 27 7.6131
341 15 4.6310
680 10 3.4100
702 7 2.6827
485 4 1.9592
520 8 2.9247
167 10 3.4100
816 6 2.4412
885 9 3.1672
170 2 1.4789
625 11 3.6533
318 7 2.6827
465 15 4.6310
891 2 1.4789
368 10 3.4100
778 6 2.4412
509 2 1.4789
560 1 1.2392
202 14 4.3859
305 15 4.6310
263 9 3.1672
850 7 2.6827
859 5 2.2000
280 11 3.6533
213 1 1.2392
717 12 3.8970
316 3 1.7189
218 4 1.9592
219 10 3.4100
567 12 3.8970
835 2 1.4789
814 3 1.7189
298 2 1.4789
643 6 2.4412
819 12 3.8970
654 9 3.1672
289 1 1.2392
766 2 1.4789
342 4 1.9592
272 2 1.4789
281 4 1.9592
546 6 2.4412
591 14 4.3859
294 5 2.2000
577 7 2.6827
306 1 1.2392
779 6 2.4412
661 2 1.4789
776 1 1.2392
787 1 1.2392
392 6 2.4412
817 5 2.2000
346 1 1.2392
344 2 1.4789
347 1 1.2392
834 2 1.4789
619 3 1.7189
380 1 1.2392
397 1 1.2392
588 1 1.2392
827 3 1.7189
605 12 3.8970
881 1 1.2392
939 5 2.2000
772 11 3.6533
820 1 1.2392
477 7 2.6827
573 1 1.2392
961 3 1.7189
506 1 1.2392
533 1 1.2392
507 3 1.7189
511 2 1.4789
513 1 1.2392
514 2 1.4789
551 1 1.2392
844 1 1.2392
653 2 1.4789
684 1 1.2392
862 1 1.2392
658 2 1.4789
839 4 1.9592
724 1 1.2392
764 1 1.2392
