Algorithm name: DE
Input file: soc-wiki-Vote.mtx
Budget: 350
Number of Nodes: 889
k: 40
Iterations: 100
Search Agents: 50

Run 1:
Best Seed Set: [273, 431, 170, 204, 536, 550, 736, 416, 230, 380, 617, 448, 697, 762, 8, 562, 538, 132, 568, 452, 548, 233, 88, 709, 547, 707, 356, 856, 317, 560, 260, 646, 557, 59, 769, 247, 223, 488, 337, 765]
Best Seed Set Cost: 349.3585
Best Fitness Value (LIE): 447.4797
Spread: 632.838
Convergence Curve: [356.9961040153068, 360.18443030131925, 361.7296804392402, 371.17882164099336, 371.17882164099336, 371.17882164099336, 372.5410965616727, 374.1288685244011, 388.05583024015016, 389.2366396824145, 389.2366396824145, 389.2366396824145, 390.53569825774804, 397.3480200699343, 405.98817693719695, 405.98817693719695, 405.98817693719695, 405.98817693719695, 405.98817693719695, 412.99905792565977, 412.99905792565977, 412.99905792565977, 412.99905792565977, 412.99905792565977, 414.5544754882833, 414.5544754882833, 414.5544754882833, 417.0176838006229, 417.0176838006229, 417.0176838006229, 417.0176838006229, 417.1982216686288, 428.9946005473621, 428.9946005473621, 428.9946005473621, 428.9946005473621, 428.9946005473621, 428.9946005473621, 428.9946005473621, 428.9946005473621, 440.2152557859462, 440.2152557859462, 440.2152557859462, 440.2152557859462, 440.2152557859462, 440.2152557859462, 440.2152557859462, 440.2152557859462, 440.2152557859462, 440.2152557859462, 440.2152557859462, 440.2152557859462, 440.2152557859462, 440.2152557859462, 440.2152557859462, 440.2152557859462, 440.2152557859462, 440.2152557859462, 440.2152557859462, 440.2152557859462, 440.2152557859462, 440.2152557859462, 440.2152557859462, 440.2152557859462, 440.2152557859462, 440.2152557859462, 440.2152557859462, 440.2152557859462, 440.2152557859462, 442.99070098288524, 442.99070098288524, 447.3231867535916, 447.3231867535916, 447.3231867535916, 447.3231867535916, 447.3231867535916, 447.3231867535916, 447.3231867535916, 447.3231867535916, 447.3231867535916, 447.3231867535916, 447.3231867535916, 447.3231867535916, 447.3231867535916, 447.3231867535916, 447.3231867535916, 447.3231867535916, 447.3231867535916, 447.3231867535916, 447.4796636914415, 447.4796636914415, 447.4796636914415, 447.4796636914415, 447.4796636914415, 447.4796636914415, 447.4796636914415, 447.4796636914415, 447.4796636914415, 447.4796636914415, 447.4796636914415]
Execution Time: 970.3627 seconds

Run 2:
Best Seed Set: [273, 431, 170, 536, 399, 736, 380, 617, 697, 762, 482, 447, 8, 538, 635, 415, 513, 386, 709, 547, 13, 666, 356, 113, 856, 364, 807, 260, 205, 646, 398, 503, 428, 166, 47, 511, 121, 509, 193, 25]
Best Seed Set Cost: 319.2007
Best Fitness Value (LIE): 443.2827
Spread: 636.237
Convergence Curve: [369.72117024525807, 369.72117024525807, 373.8764730960272, 373.8764730960272, 373.8764730960272, 373.8764730960272, 373.8764730960272, 374.4925744646263, 374.4925744646263, 382.0486650391964, 382.73940385181174, 382.73940385181174, 384.17803581860056, 405.08015725020033, 405.08015725020033, 405.08015725020033, 405.08015725020033, 405.08015725020033, 405.08015725020033, 405.8512929350572, 405.8512929350572, 405.8512929350572, 405.8512929350572, 405.8512929350572, 405.8512929350572, 405.8512929350572, 405.8512929350572, 405.8512929350572, 406.1742338136929, 414.01609886341765, 414.01609886341765, 414.01609886341765, 419.0139023413501, 419.87209315769763, 419.87209315769763, 419.87209315769763, 419.87209315769763, 419.87209315769763, 419.87209315769763, 419.87209315769763, 419.87209315769763, 420.34916182825253, 420.34916182825253, 420.34916182825253, 420.34916182825253, 420.34916182825253, 420.34916182825253, 423.2317929116813, 424.32829255050683, 424.32829255050683, 427.94046446759154, 429.0615970556801, 429.0615970556801, 429.0615970556801, 434.98053029975296, 434.98053029975296, 434.98053029975296, 434.98053029975296, 434.98053029975296, 443.2826943642348, 443.2826943642348, 443.2826943642348, 443.2826943642348, 443.2826943642348, 443.2826943642348, 443.2826943642348, 443.2826943642348, 443.2826943642348, 443.2826943642348, 443.2826943642348, 443.2826943642348, 443.2826943642348, 443.2826943642348, 443.2826943642348, 443.2826943642348, 443.2826943642348, 443.2826943642348, 443.2826943642348, 443.2826943642348, 443.2826943642348, 443.2826943642348, 443.2826943642348, 443.2826943642348, 443.2826943642348, 443.2826943642348, 443.2826943642348, 443.2826943642348, 443.2826943642348, 443.2826943642348, 443.2826943642348, 443.2826943642348, 443.2826943642348, 443.2826943642348, 443.2826943642348, 443.2826943642348, 443.2826943642348, 443.2826943642348, 443.2826943642348, 443.2826943642348, 443.2826943642348]
Execution Time: 811.0011 seconds

Run 3:
Best Seed Set: [273, 431, 170, 204, 536, 399, 550, 736, 230, 762, 482, 8, 635, 568, 453, 433, 118, 666, 57, 212, 455, 691, 113, 546, 803, 807, 260, 205, 853, 398, 687, 47, 385, 148, 121, 710, 839, 139, 193, 25]
Best Seed Set Cost: 325.6760
Best Fitness Value (LIE): 439.3685
Spread: 639.632
Convergence Curve: [351.09986174443924, 352.24270912936515, 362.36607841400325, 362.36607841400325, 362.36607841400325, 362.36607841400325, 367.29686422483763, 367.29686422483763, 372.72266750633435, 372.72266750633435, 372.72266750633435, 372.72266750633435, 382.8725350490283, 387.3926235823236, 387.3926235823236, 387.3926235823236, 387.3926235823236, 387.3926235823236, 405.5070484906132, 405.5070484906132, 405.5070484906132, 405.5070484906132, 405.5070484906132, 405.5070484906132, 405.5070484906132, 405.5070484906132, 405.5070484906132, 405.5070484906132, 405.5070484906132, 408.1955206354743, 410.41220658267804, 410.41220658267804, 410.41220658267804, 410.41220658267804, 410.41220658267804, 410.41220658267804, 410.41220658267804, 419.2988907347344, 419.2988907347344, 419.2988907347344, 419.2988907347344, 419.2988907347344, 419.2988907347344, 419.2988907347344, 419.2988907347344, 419.2988907347344, 419.2988907347344, 419.2988907347344, 419.2988907347344, 419.2988907347344, 419.2988907347344, 419.2988907347344, 419.2988907347344, 422.0367676062654, 422.0367676062654, 423.80012617005696, 423.80012617005696, 425.7981731749186, 425.7981731749186, 425.7981731749186, 425.7981731749186, 427.744251841778, 427.744251841778, 427.744251841778, 430.08839099201833, 430.08839099201833, 430.08839099201833, 430.08839099201833, 430.08839099201833, 431.5386769588526, 431.5386769588526, 433.78403221412486, 433.78403221412486, 433.78403221412486, 433.78403221412486, 433.78403221412486, 433.78403221412486, 433.78403221412486, 433.78403221412486, 433.78403221412486, 433.78403221412486, 433.78403221412486, 433.78403221412486, 433.78403221412486, 439.36846594919604, 439.36846594919604, 439.36846594919604, 439.36846594919604, 439.36846594919604, 439.36846594919604, 439.36846594919604, 439.36846594919604, 439.36846594919604, 439.36846594919604, 439.36846594919604, 439.36846594919604, 439.36846594919604, 439.36846594919604, 439.36846594919604, 439.36846594919604]
Execution Time: 799.7699 seconds

Run 4:
Best Seed Set: [273, 431, 170, 536, 399, 550, 416, 230, 617, 697, 762, 447, 8, 635, 453, 199, 415, 471, 709, 547, 13, 707, 57, 123, 856, 499, 266, 560, 59, 769, 463, 659, 503, 381, 166, 47, 148, 121, 822, 407]
Best Seed Set Cost: 326.4853
Best Fitness Value (LIE): 440.4250
Spread: 639.355
