Input file: soc-hamsterster.edges
Budget: 200
Number of Nodes: 2426
k: 10
Iterations: 100
Search Agents: 50

Run 1:
Best Seed Set: [5, 181, 218, 155, 119, 19, 323, 210, 227, 490]
Best Seed Set Cost: 187.9743
Best Fitness Value (LIE): 283.6000
Spread: 1795.037
Convergence Curve: [276.0329564945097, 276.0329564945097, 276.0329564945097, 276.0329564945097, 276.0329564945097, 276.0329564945097, 276.0329564945097, 276.0329564945097, 276.0329564945097, 276.0329564945097, 276.0329564945097, 276.0329564945097, 276.0329564945097, 276.0329564945097, 276.0329564945097, 276.0329564945097, 276.0329564945097, 276.0329564945097, 276.0329564945097, 276.0329564945097, 276.0329564945097, 276.0329564945097, 276.0329564945097, 276.0329564945097, 276.0329564945097, 276.0329564945097, 276.0329564945097, 276.0329564945097, 276.0329564945097, 276.0329564945097, 276.0329564945097, 276.0329564945097, 276.05946639482084, 276.05946639482084, 276.05946639482084, 276.05946639482084, 276.05946639482084, 276.05946639482084, 276.05946639482084, 276.05946639482084, 276.05946639482084, 276.05946639482084, 276.05946639482084, 276.05946639482084, 276.05946639482084, 276.05946639482084, 276.05946639482084, 276.05946639482084, 276.05946639482084, 276.05946639482084, 276.05946639482084, 276.05946639482084, 277.200201015108, 277.200201015108, 277.200201015108, 277.200201015108, 277.200201015108, 277.200201015108, 277.200201015108, 277.200201015108, 277.200201015108, 277.200201015108, 277.200201015108, 277.200201015108, 277.200201015108, 277.200201015108, 277.200201015108, 277.200201015108, 277.200201015108, 277.200201015108, 277.200201015108, 277.200201015108, 277.200201015108, 278.6630416932123, 278.6630416932123, 278.6630416932123, 278.6630416932123, 278.6630416932123, 278.6630416932123, 279.3529855167543, 279.3529855167543, 279.3529855167543, 279.3529855167543, 279.3529855167543, 279.3529855167543, 279.3529855167543, 279.3529855167543, 279.3529855167543, 279.3529855167543, 279.3529855167543, 279.3529855167543, 279.3529855167543, 280.29230783851375, 283.60004835223697, 283.60004835223697, 283.60004835223697, 283.60004835223697, 283.60004835223697, 283.60004835223697, 283.60004835223697]
Execution Time: 1134.0644 seconds

