Algorithm name: Capsa+GA
Input file: soc-wiki-Vote.mtx
Budget: 200
Number of Nodes: 889
k: 50
Iterations: 100
Search Agents: 50

Run 1:
Best Seed Set: [431, 170, 736, 536, 8, 762, 88, 562, 57, 123, 415, 666, 237, 212, 356, 239, 224, 113, 660, 557, 386, 588, 839, 466, 67, 376]
Best Seed Set Cost: 199.7133
Best Fitness Value (LIE): 318.8422
Spread: 650.792
Convergence Curve: [313.96737657689204, 313.96737657689204, 313.96737657689204, 313.96737657689204, 313.96737657689204, 313.96737657689204, 313.96737657689204, 313.96737657689204, 313.96737657689204, 313.96737657689204, 314.1751392953705, 315.4989434839973, 316.7740785158521, 316.7740785158521, 316.7740785158521, 316.7740785158521, 316.7740785158521, 316.7740785158521, 316.7740785158521, 316.7740785158521, 316.7740785158521, 316.7740785158521, 316.7740785158521, 316.7740785158521, 316.7740785158521, 316.7740785158521, 318.0382398615652, 318.0382398615652, 318.0382398615652, 318.0382398615652, 318.0382398615652, 318.0382398615652, 318.0382398615652, 318.0382398615652, 318.0382398615652, 318.0382398615652, 318.0382398615652, 318.0382398615652, 318.0382398615652, 318.0382398615652, 318.0382398615652, 318.0382398615652, 318.0382398615652, 318.0382398615652, 318.0382398615652, 318.0382398615652, 318.0382398615652, 318.0382398615652, 318.0382398615652, 318.0382398615652, 318.57616392051716, 318.57616392051716, 318.57616392051716, 318.57616392051716, 318.57616392051716, 318.8422430275975, 318.8422430275975, 318.8422430275975, 318.8422430275975, 318.8422430275975, 318.8422430275975, 318.8422430275975, 318.8422430275975, 318.8422430275975, 318.8422430275975, 318.8422430275975, 318.8422430275975, 318.8422430275975, 318.8422430275975, 318.8422430275975, 318.8422430275975, 318.8422430275975, 318.8422430275975, 318.8422430275975, 318.8422430275975, 318.8422430275975, 318.8422430275975, 318.8422430275975, 318.8422430275975, 318.8422430275975, 318.8422430275975, 318.8422430275975, 318.8422430275975, 318.8422430275975, 318.8422430275975, 318.8422430275975, 318.8422430275975, 318.8422430275975, 318.8422430275975, 318.8422430275975, 318.8422430275975, 318.8422430275975, 318.8422430275975, 318.8422430275975, 318.8422430275975, 318.8422430275975, 318.8422430275975, 318.8422430275975, 318.8422430275975, 318.8422430275975]
Execution Time: 610.7209 seconds

Run 2:
Best Seed Set: [170, 204, 550, 736, 8, 697, 380, 452, 88, 13, 447, 123, 538, 856, 212, 59, 205, 807, 259, 449, 803, 660, 547, 247, 839, 337, 675, 67]
Best Seed Set Cost: 199.9436
Best Fitness Value (LIE): 327.2378
Spread: 650.727
Convergence Curve: [307.10131209299163, 311.2695781386556, 311.2695781386556, 311.9276383469972, 314.76173172527115, 314.76173172527115, 315.5044011027312, 315.5044011027312, 315.5044011027312, 315.5044011027312, 315.5044011027312, 315.5044011027312, 315.5044011027312, 315.8659919951873, 315.8659919951873, 315.8659919951873, 315.8659919951873, 317.1560374204745, 317.1560374204745, 317.1560374204745, 317.70291094420395, 317.70291094420395, 317.70291094420395, 317.70291094420395, 317.70291094420395, 317.70291094420395, 317.70291094420395, 317.70291094420395, 317.70291094420395, 317.70291094420395, 317.70291094420395, 317.70291094420395, 317.70291094420395, 317.70291094420395, 317.70291094420395, 317.70291094420395, 317.70291094420395, 317.70291094420395, 317.70291094420395, 317.70291094420395, 317.70291094420395, 317.70291094420395, 317.70291094420395, 317.70291094420395, 317.70291094420395, 317.70291094420395, 317.70291094420395, 317.70291094420395, 319.8237784021046, 319.8237784021046, 319.8237784021046, 319.8237784021046, 319.8237784021046, 319.8237784021046, 319.8237784021046, 319.8237784021046, 319.8237784021046, 319.8237784021046, 319.8237784021046, 319.8237784021046, 319.8237784021046, 319.8237784021046, 319.8237784021046, 319.8237784021046, 319.8237784021046, 319.8237784021046, 319.8237784021046, 319.8237784021046, 319.8237784021046, 319.8237784021046, 319.8237784021046, 319.8237784021046, 320.3531231467182, 323.7020497321939, 323.7020497321939, 327.04256743781815, 327.04256743781815, 327.04256743781815, 327.04256743781815, 327.04256743781815, 327.04256743781815, 327.1722070748936, 327.1722070748936, 327.1722070748936, 327.1722070748936, 327.1722070748936, 327.1722070748936, 327.1722070748936, 327.1722070748936, 327.23782463030227, 327.23782463030227, 327.23782463030227, 327.23782463030227, 327.23782463030227, 327.23782463030227, 327.23782463030227, 327.23782463030227, 327.23782463030227, 327.23782463030227, 327.23782463030227]
Execution Time: 610.8678 seconds

Run 3:
Best Seed Set: [170, 230, 8, 697, 380, 635, 482, 199, 447, 562, 57, 237, 709, 606, 856, 356, 239, 205, 807, 224, 113, 803, 557, 547, 588, 853, 408, 91, 455]
Best Seed Set Cost: 199.8724
Best Fitness Value (LIE): 321.1359
Spread: 645.065
Convergence Curve: [304.39998745549144, 310.73311482828296, 311.2650335899633, 313.41324968952836, 313.8191490632614, 317.12099040352035, 319.80228175820554, 319.80228175820554, 319.80228175820554, 319.80228175820554, 319.80228175820554, 321.13592445406573, 321.13592445406573, 321.13592445406573, 321.13592445406573, 321.13592445406573, 321.13592445406573, 321.13592445406573, 321.13592445406573, 321.13592445406573, 321.13592445406573, 321.13592445406573, 321.13592445406573, 321.13592445406573, 321.13592445406573, 321.13592445406573, 321.13592445406573, 321.13592445406573, 321.13592445406573, 321.13592445406573, 321.13592445406573, 321.13592445406573, 321.13592445406573, 321.13592445406573, 321.13592445406573, 321.13592445406573, 321.13592445406573, 321.13592445406573, 321.13592445406573, 321.13592445406573, 321.13592445406573, 321.13592445406573, 321.13592445406573, 321.13592445406573, 321.13592445406573, 321.13592445406573, 321.13592445406573, 321.13592445406573, 321.13592445406573, 321.13592445406573, 321.13592445406573, 321.13592445406573, 321.13592445406573, 321.13592445406573, 321.13592445406573, 321.13592445406573, 321.13592445406573, 321.13592445406573, 321.13592445406573, 321.13592445406573, 321.13592445406573, 321.13592445406573, 321.13592445406573, 321.13592445406573, 321.13592445406573, 321.13592445406573, 321.13592445406573, 321.13592445406573, 321.13592445406573, 321.13592445406573, 321.13592445406573, 321.13592445406573, 321.13592445406573, 321.13592445406573, 321.13592445406573, 321.13592445406573, 321.13592445406573, 321.13592445406573, 321.13592445406573, 321.13592445406573, 321.13592445406573, 321.13592445406573, 321.13592445406573, 321.13592445406573, 321.13592445406573, 321.13592445406573, 321.13592445406573, 321.13592445406573, 321.13592445406573, 321.13592445406573, 321.13592445406573, 321.13592445406573, 321.13592445406573, 321.13592445406573, 321.13592445406573, 321.13592445406573, 321.13592445406573, 321.13592445406573, 321.13592445406573, 321.13592445406573]
Execution Time: 591.0814 seconds

Run 4:
Best Seed Set: [204, 550, 230, 8, 750, 452, 88, 13, 562, 57, 415, 237, 606, 433, 212, 356, 59, 205, 807, 738, 660, 646, 769, 317, 839, 216, 130, 337, 458, 506, 108, 392, 376]
Best Seed Set Cost: 199.6789
Best Fitness Value (LIE): 317.4362
Spread: 647.158
Convergence Curve: [293.10028212381, 293.10028212381, 293.10028212381, 298.1163885614334, 301.4463548317547, 306.30218935675384, 306.8566518444779, 307.2936168385891, 311.5139553537557, 312.49842649842907, 312.49842649842907, 312.49842649842907, 312.8200421779789, 314.01020066927714, 314.01020066927714, 315.0735202498966, 317.3351995969755, 317.3351995969755, 317.3351995969755, 317.3351995969755, 317.3351995969755, 317.3351995969755, 317.3351995969755, 317.3351995969755, 317.3351995969755, 317.3351995969755, 317.3351995969755, 317.3351995969755, 317.3351995969755, 317.3351995969755, 317.3351995969755, 317.3351995969755, 317.3351995969755, 317.3351995969755, 317.3351995969755, 317.3351995969755, 317.3351995969755, 317.4361830982686, 317.4361830982686, 317.4361830982686, 317.4361830982686, 317.4361830982686, 317.4361830982686, 317.4361830982686, 317.4361830982686, 317.4361830982686, 317.4361830982686, 317.4361830982686, 317.4361830982686, 317.4361830982686, 317.4361830982686, 317.4361830982686, 317.4361830982686, 317.4361830982686, 317.4361830982686, 317.4361830982686, 317.4361830982686, 317.4361830982686, 317.4361830982686, 317.4361830982686, 317.4361830982686, 317.4361830982686, 317.4361830982686, 317.4361830982686, 317.4361830982686, 317.4361830982686, 317.4361830982686, 317.4361830982686, 317.4361830982686, 317.4361830982686, 317.4361830982686, 317.4361830982686, 317.4361830982686, 317.4361830982686, 317.4361830982686, 317.4361830982686, 317.4361830982686, 317.4361830982686, 317.4361830982686, 317.4361830982686, 317.4361830982686, 317.4361830982686, 317.4361830982686, 317.4361830982686, 317.4361830982686, 317.4361830982686, 317.4361830982686, 317.4361830982686, 317.4361830982686, 317.4361830982686, 317.4361830982686, 317.4361830982686, 317.4361830982686, 317.4361830982686, 317.4361830982686, 317.4361830982686, 317.4361830982686, 317.4361830982686, 317.4361830982686, 317.4361830982686]
Execution Time: 619.1642 seconds

Run 5:
Best Seed Set: [170, 204, 550, 8, 380, 750, 88, 447, 562, 57, 415, 666, 690, 856, 212, 545, 552, 239, 205, 807, 396, 260, 317, 247, 839, 546, 675, 668, 67, 425]
Best Seed Set Cost: 199.8233
Best Fitness Value (LIE): 317.8089
Spread: 648.177
Convergence Curve: [302.78916983540665, 302.78916983540665, 302.92911172913387, 305.5834148407007, 305.5834148407007, 308.54954907692513, 308.54954907692513, 308.54954907692513, 308.54954907692513, 308.54954907692513, 308.54954907692513, 308.54954907692513, 308.54954907692513, 308.54954907692513, 308.54954907692513, 308.54954907692513, 308.54954907692513, 308.54954907692513, 308.54954907692513, 308.54954907692513, 308.54954907692513, 308.54954907692513, 308.54954907692513, 308.54954907692513, 308.54954907692513, 308.54954907692513, 308.54954907692513, 309.0081667597023, 309.0081667597023, 309.0081667597023, 309.91788155532765, 309.91788155532765, 309.91788155532765, 309.91788155532765, 309.91788155532765, 309.91788155532765, 309.91788155532765, 309.91788155532765, 309.91788155532765, 309.91788155532765, 309.91788155532765, 309.91788155532765, 309.91788155532765, 309.91788155532765, 309.91788155532765, 309.91788155532765, 309.91788155532765, 309.91788155532765, 309.91788155532765, 309.91788155532765, 309.91788155532765, 309.91788155532765, 309.91788155532765, 309.91788155532765, 309.91788155532765, 309.91788155532765, 309.91788155532765, 309.91788155532765, 309.91788155532765, 309.91788155532765, 309.91788155532765, 312.65152014612727, 312.65152014612727, 312.65152014612727, 312.65152014612727, 312.65152014612727, 312.65152014612727, 312.65152014612727, 312.65152014612727, 312.65152014612727, 312.65152014612727, 312.65152014612727, 312.65152014612727, 312.65152014612727, 312.65152014612727, 312.65152014612727, 312.65152014612727, 312.65152014612727, 312.65152014612727, 312.65152014612727, 312.65152014612727, 312.65152014612727, 312.65152014612727, 312.65152014612727, 312.65152014612727, 312.65152014612727, 312.65152014612727, 312.65152014612727, 312.65152014612727, 312.65152014612727, 313.8113639149804, 317.808874596186, 317.808874596186, 317.808874596186, 317.808874596186, 317.808874596186, 317.808874596186, 317.808874596186, 317.808874596186, 317.808874596186]
Execution Time: 558.7884 seconds

Run 6:
Best Seed Set: [431, 8, 380, 750, 13, 57, 123, 415, 709, 606, 856, 239, 205, 224, 738, 396, 121, 646, 659, 50, 9, 20, 785, 216, 564, 351, 560, 108, 829, 481, 368, 425, 771, 289, 426, 328]
Best Seed Set Cost: 199.6366
Best Fitness Value (LIE): 322.0404
Spread: 640.683
Convergence Curve: [304.0946026101875, 305.3081796440615, 305.3081796440615, 309.7028870576474, 311.22269294370744, 313.22267102635897, 314.0312132988064, 314.0312132988064, 316.69364023910964, 316.69364023910964, 316.69364023910964, 316.96647370543843, 317.36476813762596, 317.36476813762596, 317.36476813762596, 317.36476813762596, 317.36476813762596, 317.36476813762596, 317.58099091093743, 321.1240185938526, 321.1240185938526, 322.0403786867997, 322.0403786867997, 322.0403786867997, 322.0403786867997, 322.0403786867997, 322.0403786867997, 322.0403786867997, 322.0403786867997, 322.0403786867997, 322.0403786867997, 322.0403786867997, 322.0403786867997, 322.0403786867997, 322.0403786867997, 322.0403786867997, 322.0403786867997, 322.0403786867997, 322.0403786867997, 322.0403786867997, 322.0403786867997, 322.0403786867997, 322.0403786867997, 322.0403786867997, 322.0403786867997, 322.0403786867997, 322.0403786867997, 322.0403786867997, 322.0403786867997, 322.0403786867997, 322.0403786867997, 322.0403786867997, 322.0403786867997, 322.0403786867997, 322.0403786867997, 322.0403786867997, 322.0403786867997, 322.0403786867997, 322.0403786867997, 322.0403786867997, 322.0403786867997, 322.0403786867997, 322.0403786867997, 322.0403786867997, 322.0403786867997, 322.0403786867997, 322.0403786867997, 322.0403786867997, 322.0403786867997, 322.0403786867997, 322.0403786867997, 322.0403786867997, 322.0403786867997, 322.0403786867997, 322.0403786867997, 322.0403786867997, 322.0403786867997, 322.0403786867997, 322.0403786867997, 322.0403786867997, 322.0403786867997, 322.0403786867997, 322.0403786867997, 322.0403786867997, 322.0403786867997, 322.0403786867997, 322.0403786867997, 322.0403786867997, 322.0403786867997, 322.0403786867997, 322.0403786867997, 322.0403786867997, 322.0403786867997, 322.0403786867997, 322.0403786867997, 322.0403786867997, 322.0403786867997, 322.0403786867997, 322.0403786867997, 322.0403786867997]
Execution Time: 642.1917 seconds

Run 7:
Best Seed Set: [431, 550, 617, 8, 22, 697, 199, 123, 415, 666, 237, 856, 212, 205, 453, 803, 547, 659, 166, 781, 193, 130, 675, 822, 351, 299, 108, 372, 434, 829, 67, 55]
Best Seed Set Cost: 199.8163
Best Fitness Value (LIE): 327.5277
Spread: 643.87
Convergence Curve: [305.0695276911118, 305.0695276911118, 305.0695276911118, 305.82109200436327, 305.82109200436327, 308.19290021020157, 313.87687898608, 313.87687898608, 317.40945127325074, 319.2483962900439, 320.41551918240714, 320.41551918240714, 320.41551918240714, 321.5272655692228, 321.5272655692228, 321.5272655692228, 321.5272655692228, 321.5272655692228, 321.5272655692228, 321.5272655692228, 321.5272655692228, 321.5272655692228, 322.8961075701252, 323.3892732290051, 323.3892732290051, 323.3892732290051, 323.3892732290051, 323.7036344024909, 323.7036344024909, 323.7036344024909, 323.82063422076305, 323.82063422076305, 324.34240438615626, 324.34240438615626, 324.34240438615626, 324.34240438615626, 324.34240438615626, 324.34240438615626, 324.34240438615626, 324.34240438615626, 324.34240438615626, 324.34240438615626, 324.34240438615626, 324.34240438615626, 324.34240438615626, 324.34240438615626, 324.34240438615626, 324.34240438615626, 324.34240438615626, 324.34240438615626, 325.36431023814254, 325.7177928338506, 325.7177928338506, 325.7177928338506, 325.7177928338506, 325.7177928338506, 325.7177928338506, 325.7177928338506, 325.7177928338506, 325.7177928338506, 325.7177928338506, 325.7177928338506, 325.7177928338506, 325.7177928338506, 325.7177928338506, 325.7177928338506, 325.7177928338506, 325.7177928338506, 325.7177928338506, 325.7177928338506, 325.7177928338506, 325.7177928338506, 325.7177928338506, 325.7177928338506, 325.7177928338506, 325.7177928338506, 325.7177928338506, 325.7177928338506, 325.7177928338506, 325.7177928338506, 325.7177928338506, 325.7177928338506, 325.7177928338506, 325.7177928338506, 325.7177928338506, 325.7177928338506, 325.7177928338506, 325.7177928338506, 325.7177928338506, 325.7177928338506, 325.7177928338506, 325.7177928338506, 325.7177928338506, 325.7177928338506, 325.7177928338506, 325.7177928338506, 325.7177928338506, 327.52772424640915, 327.52772424640915, 327.52772424640915]
Execution Time: 619.7223 seconds

Run 8:
Best Seed Set: [170, 536, 230, 8, 380, 762, 635, 13, 57, 123, 415, 666, 237, 606, 356, 239, 205, 807, 113, 660, 547, 853, 839, 364, 216, 564, 560, 668, 389, 421, 376]
Best Seed Set Cost: 199.8011
Best Fitness Value (LIE): 325.1102
Spread: 642.819
Convergence Curve: [297.9870518541934, 300.79514777983394, 311.99043716842124, 311.99043716842124, 311.99043716842124, 312.28216973372685, 315.01587478360227, 315.01587478360227, 318.596347565023, 318.596347565023, 318.596347565023, 318.596347565023, 318.596347565023, 318.596347565023, 318.596347565023, 318.71227529217515, 319.61004863485334, 320.7283156027333, 320.7283156027333, 320.7283156027333, 320.7283156027333, 320.7283156027333, 320.7283156027333, 320.7283156027333, 320.7283156027333, 320.7283156027333, 320.7283156027333, 320.97104243216626, 320.97104243216626, 320.97104243216626, 320.97104243216626, 320.97104243216626, 320.97104243216626, 320.97104243216626, 321.5363598063206, 321.5363598063206, 321.5363598063206, 321.5363598063206, 321.5363598063206, 321.5363598063206, 321.5363598063206, 321.5363598063206, 321.5363598063206, 321.5363598063206, 321.5363598063206, 321.5363598063206, 321.5363598063206, 321.5363598063206, 321.5363598063206, 321.5363598063206, 321.5363598063206, 321.5363598063206, 321.5363598063206, 321.5363598063206, 321.5363598063206, 321.5363598063206, 321.5363598063206, 321.5363598063206, 321.5363598063206, 321.5363598063206, 321.5363598063206, 321.5363598063206, 321.5363598063206, 321.5363598063206, 321.5363598063206, 321.5363598063206, 321.5363598063206, 321.5363598063206, 321.5363598063206, 321.5363598063206, 321.5363598063206, 321.5363598063206, 321.5363598063206, 321.5363598063206, 321.5363598063206, 321.5363598063206, 321.5363598063206, 321.5363598063206, 321.5363598063206, 322.2797630419301, 325.110164070318, 325.110164070318, 325.110164070318, 325.110164070318, 325.110164070318, 325.110164070318, 325.110164070318, 325.110164070318, 325.110164070318, 325.110164070318, 325.110164070318, 325.110164070318, 325.110164070318, 325.110164070318, 325.110164070318, 325.110164070318, 325.110164070318, 325.110164070318, 325.110164070318, 325.110164070318]
Execution Time: 604.8788 seconds

Run 9:
Best Seed Set: [431, 170, 550, 536, 230, 8, 697, 88, 57, 415, 666, 856, 212, 707, 239, 59, 807, 113, 660, 839, 710, 364, 216, 337, 560, 67]
Best Seed Set Cost: 199.9928
Best Fitness Value (LIE): 332.4073
Spread: 647.941
Convergence Curve: [302.2238048387267, 302.8469738346163, 302.8469738346163, 302.8469738346163, 302.8469738346163, 306.9160210989352, 306.9160210989352, 306.9160210989352, 306.9160210989352, 306.9160210989352, 306.9160210989352, 306.9160210989352, 306.9160210989352, 306.9160210989352, 306.9160210989352, 306.9160210989352, 306.9160210989352, 306.9160210989352, 306.9160210989352, 308.9411759567469, 313.9446960537643, 319.6745923654308, 321.94291833230466, 321.94291833230466, 324.6800712876815, 325.6469825188643, 325.6469825188643, 325.6469825188643, 327.61828139236053, 327.61828139236053, 328.0629288854956, 328.0629288854956, 328.0629288854956, 328.0629288854956, 328.0629288854956, 328.0629288854956, 328.0629288854956, 328.0629288854956, 328.0629288854956, 328.0629288854956, 328.0629288854956, 328.0629288854956, 328.0629288854956, 328.0629288854956, 328.0629288854956, 328.0629288854956, 328.0629288854956, 328.0629288854956, 328.0629288854956, 328.0629288854956, 328.0629288854956, 328.0629288854956, 328.0629288854956, 328.0629288854956, 328.1197355978229, 328.1197355978229, 328.1197355978229, 328.1197355978229, 328.1197355978229, 328.27842168132014, 328.27842168132014, 330.22054783605785, 330.22054783605785, 330.22054783605785, 330.22054783605785, 330.22054783605785, 330.22054783605785, 330.22054783605785, 330.22054783605785, 330.72492959415484, 330.72492959415484, 330.72492959415484, 330.72492959415484, 330.72492959415484, 330.72492959415484, 330.72492959415484, 330.72492959415484, 330.72492959415484, 330.72492959415484, 330.72492959415484, 330.72492959415484, 330.72492959415484, 330.72492959415484, 330.72492959415484, 330.72492959415484, 330.72492959415484, 330.72492959415484, 330.72492959415484, 330.72492959415484, 330.72492959415484, 330.72492959415484, 330.72492959415484, 330.72492959415484, 330.72492959415484, 330.72492959415484, 330.72492959415484, 332.4073466720387, 332.4073466720387, 332.4073466720387, 332.4073466720387]
Execution Time: 601.3523 seconds

Run 10:
Best Seed Set: [431, 170, 550, 736, 230, 8, 697, 452, 88, 199, 13, 57, 415, 856, 98, 59, 568, 113, 660, 317, 839, 91, 351, 455, 434, 425]
Best Seed Set Cost: 199.8499
Best Fitness Value (LIE): 324.4020
Spread: 641.057
Convergence Curve: [305.2912351495662, 308.1147424580307, 310.24991390492374, 311.15483948832673, 311.27379340769, 313.0605742334689, 313.94269386044755, 315.78321427476044, 316.8571682872752, 318.9399046079202, 318.9399046079202, 318.9399046079202, 319.6858657670229, 319.6858657670229, 319.6858657670229, 319.6858657670229, 319.97496471269613, 319.97496471269613, 321.8685617083391, 324.4019617714642, 324.4019617714642, 324.4019617714642, 324.4019617714642, 324.4019617714642, 324.4019617714642, 324.4019617714642, 324.4019617714642, 324.4019617714642, 324.4019617714642, 324.4019617714642, 324.4019617714642, 324.4019617714642, 324.4019617714642, 324.4019617714642, 324.4019617714642, 324.4019617714642, 324.4019617714642, 324.4019617714642, 324.4019617714642, 324.4019617714642, 324.4019617714642, 324.4019617714642, 324.4019617714642, 324.4019617714642, 324.4019617714642, 324.4019617714642, 324.4019617714642, 324.4019617714642, 324.4019617714642, 324.4019617714642, 324.4019617714642, 324.4019617714642, 324.4019617714642, 324.4019617714642, 324.4019617714642, 324.4019617714642, 324.4019617714642, 324.4019617714642, 324.4019617714642, 324.4019617714642, 324.4019617714642, 324.4019617714642, 324.4019617714642, 324.4019617714642, 324.4019617714642, 324.4019617714642, 324.4019617714642, 324.4019617714642, 324.4019617714642, 324.4019617714642, 324.4019617714642, 324.4019617714642, 324.4019617714642, 324.4019617714642, 324.4019617714642, 324.4019617714642, 324.4019617714642, 324.4019617714642, 324.4019617714642, 324.4019617714642, 324.4019617714642, 324.4019617714642, 324.4019617714642, 324.4019617714642, 324.4019617714642, 324.4019617714642, 324.4019617714642, 324.4019617714642, 324.4019617714642, 324.4019617714642, 324.4019617714642, 324.4019617714642, 324.4019617714642, 324.4019617714642, 324.4019617714642, 324.4019617714642, 324.4019617714642, 324.4019617714642, 324.4019617714642, 324.4019617714642]
Execution Time: 453.9992 seconds

