Algorithm name: Capsa+GA
Input file: soc-hamsterster.edges
Budget: 800
Number of Nodes: 2426
k: 10
Iterations: 100
Search Agents: 50

Run 1:
Best Seed Set: [73, 6, 121, 20, 465, 812, 136, 84, 210, 42]
Best Seed Set Cost: 583.8784
Best Fitness Value (LIE): 449.6396
Spread: 1797.047
Convergence Curve: [371.8743246659972, 371.8743246659972, 371.8743246659972, 383.51478490669194, 383.51478490669194, 383.51478490669194, 384.73213049353666, 384.73213049353666, 399.1337545635209, 399.1337545635209, 400.84207448172725, 400.84207448172725, 401.4494587426312, 403.07651565401227, 403.7012394762151, 403.7012394762151, 403.7012394762151, 447.0635125944352, 447.0635125944352, 447.0635125944352, 447.0635125944352, 447.0635125944352, 447.0635125944352, 447.0635125944352, 447.0635125944352, 447.0635125944352, 449.6395785568807, 449.6395785568807, 449.6395785568807, 449.6395785568807, 449.6395785568807, 449.6395785568807, 449.6395785568807, 449.6395785568807, 449.6395785568807, 449.6395785568807, 449.6395785568807, 449.6395785568807, 449.6395785568807, 449.6395785568807, 449.6395785568807, 449.6395785568807, 449.6395785568807, 449.6395785568807, 449.6395785568807, 449.6395785568807, 449.6395785568807, 449.6395785568807, 449.6395785568807, 449.6395785568807, 449.6395785568807, 449.6395785568807, 449.6395785568807, 449.6395785568807, 449.6395785568807, 449.6395785568807, 449.6395785568807, 449.6395785568807, 449.6395785568807, 449.6395785568807, 449.6395785568807, 449.6395785568807, 449.6395785568807, 449.6395785568807, 449.6395785568807, 449.6395785568807, 449.6395785568807, 449.6395785568807, 449.6395785568807, 449.6395785568807, 449.6395785568807, 449.6395785568807, 449.6395785568807, 449.6395785568807, 449.6395785568807, 449.6395785568807, 449.6395785568807, 449.6395785568807, 449.6395785568807, 449.6395785568807, 449.6395785568807, 449.6395785568807, 449.6395785568807, 449.6395785568807, 449.6395785568807, 449.6395785568807, 449.6395785568807, 449.6395785568807, 449.6395785568807, 449.6395785568807, 449.6395785568807, 449.6395785568807, 449.6395785568807, 449.6395785568807, 449.6395785568807, 449.6395785568807, 449.6395785568807, 449.6395785568807, 449.6395785568807, 449.6395785568807]
Execution Time: 1931.6013 seconds

Run 2:
Best Seed Set: [73, 6, 121, 202, 20, 622, 465, 313, 812, 148]
Best Seed Set Cost: 654.7472
Best Fitness Value (LIE): 486.1875
Spread: 1797.121
Convergence Curve: [385.21360533477525, 385.21360533477525, 385.21360533477525, 385.21360533477525, 385.21360533477525, 385.21360533477525, 388.82000289329306, 395.742806059864, 395.742806059864, 395.742806059864, 395.742806059864, 396.2414248025868, 409.7914906962225, 411.97793682430427, 419.7177442195745, 419.7177442195745, 446.8070331707004, 466.08181617151496, 466.08181617151496, 466.08181617151496, 466.08181617151496, 472.4766176342718, 472.4766176342718, 472.4766176342718, 472.4766176342718, 474.8374659630938, 474.8374659630938, 474.8374659630938, 474.8374659630938, 474.8374659630938, 474.8374659630938, 475.27358721591867, 475.27358721591867, 475.27358721591867, 486.18746457834726, 486.18746457834726, 486.18746457834726, 486.18746457834726, 486.18746457834726, 486.18746457834726, 486.18746457834726, 486.18746457834726, 486.18746457834726, 486.18746457834726, 486.18746457834726, 486.18746457834726, 486.18746457834726, 486.18746457834726, 486.18746457834726, 486.18746457834726, 486.18746457834726, 486.18746457834726, 486.18746457834726, 486.18746457834726, 486.18746457834726, 486.18746457834726, 486.18746457834726, 486.18746457834726, 486.18746457834726, 486.18746457834726, 486.18746457834726, 486.18746457834726, 486.18746457834726, 486.18746457834726, 486.18746457834726, 486.18746457834726, 486.18746457834726, 486.18746457834726, 486.18746457834726, 486.18746457834726, 486.18746457834726, 486.18746457834726, 486.18746457834726, 486.18746457834726, 486.18746457834726, 486.18746457834726, 486.18746457834726, 486.18746457834726, 486.18746457834726, 486.18746457834726, 486.18746457834726, 486.18746457834726, 486.18746457834726, 486.18746457834726, 486.18746457834726, 486.18746457834726, 486.18746457834726, 486.18746457834726, 486.18746457834726, 486.18746457834726, 486.18746457834726, 486.18746457834726, 486.18746457834726, 486.18746457834726, 486.18746457834726, 486.18746457834726, 486.18746457834726, 486.18746457834726, 486.18746457834726, 486.18746457834726]
Execution Time: 1954.0507 seconds

Run 3:
Best Seed Set: [73, 301, 13, 5, 640, 622, 240, 313, 182, 19]
Best Seed Set Cost: 554.5348
Best Fitness Value (LIE): 449.2405
Spread: 1799.178
Convergence Curve: [392.9937931157681, 392.9937931157681, 392.9937931157681, 394.5092129613568, 394.5092129613568, 394.5092129613568, 417.89555303876296, 417.89555303876296, 417.89555303876296, 417.89555303876296, 427.95535500814293, 427.95535500814293, 429.6862689289261, 436.19053954651423, 436.19053954651423, 436.19053954651423, 436.5900324606898, 436.5900324606898, 436.5900324606898, 436.5900324606898, 436.5900324606898, 436.5900324606898, 436.5900324606898, 438.229769890314, 449.24053206828717, 449.24053206828717, 449.24053206828717, 449.24053206828717, 449.24053206828717, 449.24053206828717, 449.24053206828717, 449.24053206828717, 449.24053206828717, 449.24053206828717, 449.24053206828717, 449.24053206828717, 449.24053206828717, 449.24053206828717, 449.24053206828717, 449.24053206828717, 449.24053206828717, 449.24053206828717, 449.24053206828717, 449.24053206828717, 449.24053206828717, 449.24053206828717, 449.24053206828717, 449.24053206828717, 449.24053206828717, 449.24053206828717, 449.24053206828717, 449.24053206828717, 449.24053206828717, 449.24053206828717, 449.24053206828717, 449.24053206828717, 449.24053206828717, 449.24053206828717, 449.24053206828717, 449.24053206828717, 449.24053206828717, 449.24053206828717, 449.24053206828717, 449.24053206828717, 449.24053206828717, 449.24053206828717, 449.24053206828717, 449.24053206828717, 449.24053206828717, 449.24053206828717, 449.24053206828717, 449.24053206828717, 449.24053206828717, 449.24053206828717, 449.24053206828717, 449.24053206828717, 449.24053206828717, 449.24053206828717, 449.24053206828717, 449.24053206828717, 449.24053206828717, 449.24053206828717, 449.24053206828717, 449.24053206828717, 449.24053206828717, 449.24053206828717, 449.24053206828717, 449.24053206828717, 449.24053206828717, 449.24053206828717, 449.24053206828717, 449.24053206828717, 449.24053206828717, 449.24053206828717, 449.24053206828717, 449.24053206828717, 449.24053206828717, 449.24053206828717, 449.24053206828717, 449.24053206828717]
Execution Time: 1844.7753 seconds

Run 4:
Best Seed Set: [73, 6, 69, 301, 66, 21, 622, 240, 3, 146]
Best Seed Set Cost: 587.6469
Best Fitness Value (LIE): 510.1243
Spread: 1799.702
Convergence Curve: [354.4819755169078, 362.30211717284715, 371.9827521474082, 397.71760404570244, 434.0973450015347, 434.0973450015347, 434.0973450015347, 434.0973450015347, 434.0973450015347, 434.0973450015347, 434.0973450015347, 434.0973450015347, 434.0973450015347, 434.0973450015347, 434.0973450015347, 434.0973450015347, 434.0973450015347, 434.0973450015347, 434.0973450015347, 444.51650426889677, 470.8271785801863, 474.80112664019686, 474.80112664019686, 474.80112664019686, 474.80112664019686, 474.80112664019686, 474.80112664019686, 474.80112664019686, 474.80112664019686, 474.80112664019686, 474.80112664019686, 478.997632987685, 482.5456609304831, 482.5456609304831, 482.5456609304831, 482.5456609304831, 482.5456609304831, 484.62682211915205, 484.62682211915205, 484.62682211915205, 484.62682211915205, 485.5587321212113, 486.66254634119434, 488.0433426112393, 488.0433426112393, 488.0433426112393, 488.0433426112393, 488.0433426112393, 488.0433426112393, 488.0433426112393, 488.0433426112393, 488.0433426112393, 488.0433426112393, 488.0433426112393, 488.0433426112393, 488.0433426112393, 488.0433426112393, 488.0433426112393, 488.0433426112393, 488.0433426112393, 488.0433426112393, 488.0433426112393, 488.0433426112393, 488.0433426112393, 488.0433426112393, 488.0433426112393, 488.0433426112393, 493.1625644162607, 493.1625644162607, 499.4698361224633, 507.129330917428, 507.129330917428, 507.129330917428, 507.129330917428, 507.129330917428, 508.4506004753059, 508.4506004753059, 508.4506004753059, 508.4506004753059, 508.4506004753059, 508.4506004753059, 508.4506004753059, 508.4506004753059, 508.4506004753059, 508.4506004753059, 508.4506004753059, 508.4506004753059, 508.4506004753059, 508.4506004753059, 508.4506004753059, 508.4506004753059, 508.4506004753059, 509.3813553236921, 509.3813553236921, 510.1243358630582, 510.1243358630582, 510.1243358630582, 510.1243358630582, 510.1243358630582, 510.1243358630582]
Execution Time: 1724.7783 seconds

Run 5:
Best Seed Set: [73, 6, 121, 301, 21, 465, 617, 313, 146, 182]
Best Seed Set Cost: 672.0783
Best Fitness Value (LIE): 499.7074
Spread: 1795.501
Convergence Curve: [415.5050727323998, 415.5050727323998, 415.5050727323998, 415.5050727323998, 415.5050727323998, 415.5050727323998, 426.65878894406103, 426.65878894406103, 426.65878894406103, 426.7491897395249, 437.8922807894604, 450.95647778351395, 450.95647778351395, 450.95647778351395, 451.395326901596, 484.74518277269544, 495.4348405154143, 495.4348405154143, 495.4348405154143, 495.4348405154143, 495.4348405154143, 495.4348405154143, 495.4348405154143, 495.4348405154143, 495.4348405154143, 495.4348405154143, 495.4348405154143, 495.4348405154143, 495.4348405154143, 495.4348405154143, 495.4348405154143, 495.4348405154143, 495.4348405154143, 495.4348405154143, 495.4348405154143, 495.4348405154143, 495.4348405154143, 495.4348405154143, 495.4348405154143, 495.4348405154143, 495.4348405154143, 495.4348405154143, 495.4348405154143, 495.4348405154143, 495.4348405154143, 495.4348405154143, 495.4348405154143, 495.4348405154143, 495.4348405154143, 495.4348405154143, 495.4348405154143, 495.4348405154143, 495.4348405154143, 495.4348405154143, 495.4348405154143, 496.8691059427965, 496.8691059427965, 496.8691059427965, 496.8691059427965, 496.8691059427965, 496.8691059427965, 496.8691059427965, 496.8691059427965, 496.8691059427965, 496.8691059427965, 496.8691059427965, 496.8691059427965, 496.8691059427965, 496.8691059427965, 496.8691059427965, 496.8691059427965, 496.8691059427965, 496.8691059427965, 496.8691059427965, 496.8691059427965, 496.8691059427965, 496.8691059427965, 496.8691059427965, 496.8691059427965, 496.8691059427965, 496.8691059427965, 496.8691059427965, 496.8691059427965, 496.8691059427965, 496.8691059427965, 496.8691059427965, 496.8691059427965, 496.8691059427965, 496.8691059427965, 496.8691059427965, 496.8691059427965, 499.70744742484135, 499.70744742484135, 499.70744742484135, 499.70744742484135, 499.70744742484135, 499.70744742484135, 499.70744742484135, 499.70744742484135, 499.70744742484135]
Execution Time: 1706.4128 seconds

