Algorithm name: Capsa+GA
Input file: soc-wiki-Vote.mtx
Budget: 350
Number of Nodes: 889
k: 40
Iterations: 100
Search Agents: 50

Run 1:
Best Seed Set: [273, 431, 170, 550, 736, 536, 230, 617, 8, 22, 380, 416, 452, 88, 199, 562, 57, 123, 666, 237, 606, 239, 807, 47, 738, 260, 547, 819, 692, 839, 266, 364, 564, 351, 784, 306, 503, 413, 723, 425]
Best Seed Set Cost: 307.1046
Best Fitness Value (LIE): 435.9109
Spread: 640.668
Convergence Curve: [366.89825209929097, 375.77297976972466, 378.271168561234, 383.06537012939197, 383.06537012939197, 383.6507790319854, 383.6507790319854, 383.8933909750722, 397.83445647297873, 401.832902378708, 417.9130531252656, 419.38333118066305, 423.60874373895416, 423.60874373895416, 424.4906307014242, 428.78520054898974, 428.78520054898974, 428.78520054898974, 428.78520054898974, 428.78520054898974, 428.78520054898974, 428.78520054898974, 430.0541288962719, 430.0541288962719, 430.0541288962719, 430.0541288962719, 430.0541288962719, 430.0541288962719, 430.0541288962719, 430.0541288962719, 430.0541288962719, 430.0541288962719, 430.0541288962719, 430.0541288962719, 430.0541288962719, 430.0541288962719, 430.0541288962719, 430.0541288962719, 430.0541288962719, 430.0541288962719, 430.0541288962719, 430.0541288962719, 430.0541288962719, 430.0541288962719, 430.0541288962719, 430.0541288962719, 433.5488948557079, 433.5488948557079, 433.5488948557079, 433.5488948557079, 433.5488948557079, 433.5488948557079, 433.5488948557079, 434.7744168847912, 434.7744168847912, 434.7744168847912, 434.7744168847912, 434.7744168847912, 434.7744168847912, 434.7744168847912, 434.7744168847912, 434.7744168847912, 434.7744168847912, 434.7744168847912, 434.7744168847912, 434.7744168847912, 434.7744168847912, 434.7744168847912, 434.7744168847912, 434.7744168847912, 434.7744168847912, 434.7744168847912, 434.7744168847912, 434.7744168847912, 434.7744168847912, 434.7744168847912, 434.7744168847912, 434.7744168847912, 434.7744168847912, 434.7744168847912, 434.7744168847912, 434.7744168847912, 434.7744168847912, 434.7744168847912, 434.7744168847912, 435.91090500862, 435.91090500862, 435.91090500862, 435.91090500862, 435.91090500862, 435.91090500862, 435.91090500862, 435.91090500862, 435.91090500862, 435.91090500862, 435.91090500862, 435.91090500862, 435.91090500862, 435.91090500862, 435.91090500862]
Execution Time: 899.5067 seconds

Run 2:
Best Seed Set: [431, 170, 536, 230, 617, 8, 697, 380, 762, 635, 452, 448, 482, 447, 562, 123, 237, 690, 709, 433, 856, 356, 205, 807, 449, 121, 660, 471, 659, 781, 25, 408, 109, 257, 266, 20, 337, 665, 723, 462]
Best Seed Set Cost: 300.5646
Best Fitness Value (LIE): 436.4869
Spread: 635.68
Convergence Curve: [363.680436901301, 375.0616123684598, 380.5048633569092, 380.5048633569092, 380.5048633569092, 380.6182502389199, 380.6182502389199, 388.53959014841325, 390.05289352463956, 391.68115811885707, 392.9731360122077, 394.66183495162346, 397.35399886688697, 397.35399886688697, 397.35399886688697, 397.35399886688697, 397.35399886688697, 397.35399886688697, 397.35399886688697, 397.35399886688697, 397.35399886688697, 397.35399886688697, 397.35399886688697, 397.35399886688697, 397.35399886688697, 397.35399886688697, 398.0363091043634, 399.15069849353955, 399.15069849353955, 399.15069849353955, 399.15069849353955, 399.15069849353955, 399.15069849353955, 399.15069849353955, 399.15069849353955, 399.15069849353955, 399.15069849353955, 399.15069849353955, 399.15069849353955, 399.15069849353955, 399.15069849353955, 399.15069849353955, 399.15069849353955, 399.15069849353955, 399.15069849353955, 399.15069849353955, 399.15069849353955, 399.15069849353955, 400.0375724303734, 401.1261499861764, 413.2942954385605, 413.2942954385605, 419.04277533652566, 422.8893659823981, 422.8893659823981, 423.40400694761007, 427.3821376616314, 427.3821376616314, 428.532398506803, 428.532398506803, 428.532398506803, 428.532398506803, 428.532398506803, 428.532398506803, 428.532398506803, 428.532398506803, 428.532398506803, 428.532398506803, 428.532398506803, 429.5815358527454, 429.5815358527454, 429.6236974403967, 431.9081089203889, 431.9081089203889, 431.9081089203889, 431.9081089203889, 431.9081089203889, 431.9081089203889, 431.9081089203889, 433.0591443955433, 434.7650444275762, 435.65561918849846, 435.65561918849846, 435.65561918849846, 435.65561918849846, 435.65561918849846, 435.65561918849846, 435.65561918849846, 435.65561918849846, 435.65561918849846, 435.65561918849846, 436.48694632892074, 436.48694632892074, 436.48694632892074, 436.48694632892074, 436.48694632892074, 436.48694632892074, 436.48694632892074, 436.48694632892074, 436.48694632892074]
Execution Time: 827.3711 seconds

Run 3:
Best Seed Set: [273, 431, 170, 550, 736, 536, 399, 617, 8, 416, 452, 482, 88, 199, 562, 123, 856, 545, 59, 205, 807, 47, 548, 396, 803, 557, 769, 132, 166, 223, 25, 247, 364, 216, 675, 108, 665, 413, 368, 804]
Best Seed Set Cost: 312.7386
Best Fitness Value (LIE): 438.9366
Spread: 638.703
Convergence Curve: [362.1755549900863, 367.8362974942483, 374.0585339811055, 386.8072423530221, 390.4049818627608, 392.46560285976733, 393.05054657029393, 399.60564619309235, 405.91182401924556, 405.91182401924556, 417.3271313926864, 417.3271313926864, 417.9290592064417, 420.21713109418573, 421.47784493993896, 426.41185553606005, 426.41185553606005, 426.41185553606005, 426.41185553606005, 426.41185553606005, 427.19634503347504, 427.8212182241577, 431.8727828855483, 433.3595050889263, 433.3595050889263, 435.4057405558118, 435.4057405558118, 435.4057405558118, 435.4057405558118, 435.4057405558118, 435.4057405558118, 435.4057405558118, 436.165735599008, 436.165735599008, 436.165735599008, 436.165735599008, 436.165735599008, 437.79716083581144, 438.1000541954065, 438.1000541954065, 438.1000541954065, 438.1000541954065, 438.1000541954065, 438.1000541954065, 438.1000541954065, 438.1000541954065, 438.1000541954065, 438.1000541954065, 438.1000541954065, 438.1000541954065, 438.1000541954065, 438.1000541954065, 438.1000541954065, 438.1000541954065, 438.1000541954065, 438.1000541954065, 438.1000541954065, 438.1000541954065, 438.1000541954065, 438.1000541954065, 438.1000541954065, 438.4213324115186, 438.4213324115186, 438.4213324115186, 438.9366380053801, 438.9366380053801, 438.9366380053801, 438.9366380053801, 438.9366380053801, 438.9366380053801, 438.9366380053801, 438.9366380053801, 438.9366380053801, 438.9366380053801, 438.9366380053801, 438.9366380053801, 438.9366380053801, 438.9366380053801, 438.9366380053801, 438.9366380053801, 438.9366380053801, 438.9366380053801, 438.9366380053801, 438.9366380053801, 438.9366380053801, 438.9366380053801, 438.9366380053801, 438.9366380053801, 438.9366380053801, 438.9366380053801, 438.9366380053801, 438.9366380053801, 438.9366380053801, 438.9366380053801, 438.9366380053801, 438.9366380053801, 438.9366380053801, 438.9366380053801, 438.9366380053801, 438.9366380053801]
Execution Time: 827.0974 seconds

Run 4:
Best Seed Set: [431, 170, 204, 550, 536, 230, 399, 617, 8, 380, 762, 750, 635, 452, 482, 88, 199, 562, 57, 123, 237, 513, 709, 856, 803, 557, 50, 781, 51, 193, 2, 564, 110, 765, 668, 108, 829, 67, 723, 163]
Best Seed Set Cost: 302.8932
Best Fitness Value (LIE): 438.1104
Spread: 639.193
