Algorithm name: Capsa+GA
Input file: soc-wiki-Vote.mtx
Budget: 200
Number of Nodes: 889
k: 40
Iterations: 100
Search Agents: 50

Run 1:
Best Seed Set: [170, 536, 8, 13, 447, 57, 123, 237, 513, 709, 606, 856, 47, 803, 121, 557, 547, 691, 692, 166, 25, 247, 51, 751, 20, 14, 148, 216, 484, 90, 845, 668, 299, 509, 829, 665, 481, 723, 469]
Best Seed Set Cost: 199.9018
Best Fitness Value (LIE): 334.3709
Spread: 637.039
Convergence Curve: [311.77011180078983, 313.0104268188453, 313.0104268188453, 313.69147961231033, 318.97509616755355, 320.3377307990867, 322.9812449324376, 325.0241094494933, 325.0241094494933, 328.10476080756297, 328.10476080756297, 328.10476080756297, 328.10476080756297, 328.10476080756297, 328.10476080756297, 328.10476080756297, 328.10476080756297, 328.10476080756297, 328.118196549857, 328.95754805325214, 329.4501810652513, 329.4501810652513, 329.4501810652513, 329.4501810652513, 329.4501810652513, 329.4501810652513, 329.4501810652513, 329.4501810652513, 329.4501810652513, 329.4501810652513, 329.4501810652513, 329.4501810652513, 329.4501810652513, 329.4501810652513, 329.4501810652513, 329.4501810652513, 329.4501810652513, 332.19849294921335, 332.19849294921335, 332.19849294921335, 332.19849294921335, 332.19849294921335, 332.19849294921335, 332.19849294921335, 332.19849294921335, 332.19849294921335, 332.19849294921335, 332.19849294921335, 332.19849294921335, 332.19849294921335, 332.5229489120759, 332.5229489120759, 332.5229489120759, 332.5229489120759, 332.5229489120759, 332.5229489120759, 332.5229489120759, 332.5229489120759, 332.5229489120759, 332.5229489120759, 332.5229489120759, 332.5229489120759, 332.5229489120759, 332.5229489120759, 332.5229489120759, 332.5229489120759, 332.5229489120759, 332.5229489120759, 332.5229489120759, 332.5229489120759, 332.5229489120759, 332.5229489120759, 332.5229489120759, 332.5229489120759, 332.5229489120759, 332.5229489120759, 332.5229489120759, 332.5229489120759, 332.5229489120759, 332.5229489120759, 332.628950006187, 333.79651007534176, 333.79651007534176, 333.79651007534176, 334.37087901451076, 334.37087901451076, 334.37087901451076, 334.37087901451076, 334.37087901451076, 334.37087901451076, 334.37087901451076, 334.37087901451076, 334.37087901451076, 334.37087901451076, 334.37087901451076, 334.37087901451076, 334.37087901451076, 334.37087901451076, 334.37087901451076, 334.37087901451076]
Execution Time: 673.6918 seconds

Run 2:
Best Seed Set: [431, 170, 617, 8, 452, 13, 562, 57, 666, 433, 856, 212, 707, 552, 205, 557, 386, 471, 659, 50, 25, 317, 51, 104, 710, 20, 668, 398, 503, 67, 425]
Best Seed Set Cost: 199.0225
Best Fitness Value (LIE): 321.6461
Spread: 644.481
Convergence Curve: [302.92435400814855, 302.92435400814855, 302.92435400814855, 302.92435400814855, 302.92435400814855, 302.92435400814855, 302.92435400814855, 302.92435400814855, 302.92435400814855, 302.92435400814855, 302.92435400814855, 302.92435400814855, 302.92435400814855, 302.92435400814855, 302.92435400814855, 302.92435400814855, 302.92435400814855, 302.92435400814855, 302.92435400814855, 302.92435400814855, 302.92435400814855, 310.07470958176367, 310.07470958176367, 310.07470958176367, 310.07470958176367, 310.07470958176367, 310.07470958176367, 310.07470958176367, 310.07470958176367, 310.8917525699526, 310.8917525699526, 310.8917525699526, 310.8917525699526, 310.8917525699526, 310.8917525699526, 310.8917525699526, 310.8917525699526, 310.8917525699526, 310.8917525699526, 310.8917525699526, 310.8917525699526, 310.8917525699526, 310.8917525699526, 310.8917525699526, 310.8917525699526, 310.8917525699526, 310.8917525699526, 310.8917525699526, 311.4297429871386, 311.4297429871386, 313.0671489930621, 314.5872212262205, 318.8405911958709, 318.8405911958709, 318.8405911958709, 318.8405911958709, 318.8405911958709, 318.8405911958709, 318.8405911958709, 318.8405911958709, 318.8405911958709, 318.8405911958709, 318.8405911958709, 318.8405911958709, 318.8405911958709, 318.8405911958709, 318.8405911958709, 318.8405911958709, 318.8405911958709, 318.8405911958709, 318.8405911958709, 318.8405911958709, 318.8405911958709, 318.8405911958709, 318.8405911958709, 318.8405911958709, 318.8405911958709, 318.8405911958709, 318.8405911958709, 318.8405911958709, 318.8405911958709, 318.8405911958709, 318.8405911958709, 318.8405911958709, 318.8405911958709, 318.8405911958709, 318.8405911958709, 319.44546882806424, 319.44546882806424, 320.61361017280245, 320.61361017280245, 320.61361017280245, 320.61361017280245, 320.61361017280245, 320.61361017280245, 320.61361017280245, 320.64087837159434, 321.646145709777, 321.646145709777, 321.646145709777]
Execution Time: 581.6208 seconds

Run 3:
Best Seed Set: [170, 230, 8, 380, 635, 88, 562, 57, 415, 237, 606, 856, 212, 707, 239, 807, 449, 396, 803, 660, 819, 588, 132, 50, 364, 216, 337, 458, 560, 398, 829, 481, 67]
Best Seed Set Cost: 199.9685
Best Fitness Value (LIE): 333.3576
Spread: 643.158
Convergence Curve: [297.4641857397731, 301.4987563431562, 308.07619201689766, 310.7352374398217, 310.7352374398217, 310.7352374398217, 312.88144342010236, 316.34946745321054, 316.34946745321054, 316.34946745321054, 317.96099640957834, 317.96099640957834, 317.96099640957834, 317.96099640957834, 317.96099640957834, 317.96099640957834, 317.96099640957834, 319.00903665417576, 320.53211767225173, 322.40725007986646, 322.40725007986646, 322.40725007986646, 322.40725007986646, 323.87174550024076, 323.87174550024076, 323.87174550024076, 323.87174550024076, 323.87174550024076, 323.87174550024076, 323.87174550024076, 323.87174550024076, 323.87174550024076, 323.87174550024076, 323.87174550024076, 323.87174550024076, 323.87174550024076, 323.87174550024076, 323.87174550024076, 323.87174550024076, 323.87174550024076, 323.87174550024076, 323.87174550024076, 323.87174550024076, 323.87174550024076, 323.87174550024076, 323.87174550024076, 323.87174550024076, 323.87174550024076, 323.87174550024076, 323.87174550024076, 323.87174550024076, 323.87174550024076, 323.87174550024076, 323.87174550024076, 323.87174550024076, 323.87174550024076, 323.87174550024076, 323.87174550024076, 323.87174550024076, 323.87174550024076, 323.87174550024076, 323.87174550024076, 323.87174550024076, 323.87174550024076, 323.87174550024076, 323.87174550024076, 323.87174550024076, 323.87174550024076, 323.87174550024076, 324.9429025761757, 324.9429025761757, 324.9429025761757, 326.2453524770561, 326.2453524770561, 326.2453524770561, 326.2453524770561, 326.2453524770561, 326.2453524770561, 326.2453524770561, 326.2453524770561, 326.2453524770561, 327.9385024491939, 327.9385024491939, 327.9385024491939, 327.9385024491939, 328.0262145419169, 328.31804290408655, 328.31804290408655, 328.4273219762985, 328.4273219762985, 328.4273219762985, 328.4273219762985, 328.4273219762985, 330.46060319726456, 330.85277581338414, 330.85277581338414, 332.24276203048004, 333.3575772447031, 333.3575772447031, 333.3575772447031]
Execution Time: 620.3089 seconds

Run 4:
Best Seed Set: [431, 8, 750, 635, 482, 88, 57, 237, 856, 98, 504, 205, 660, 386, 819, 50, 166, 781, 223, 317, 257, 51, 839, 20, 216, 130, 281, 499, 351, 560, 829, 665, 771, 5]
Best Seed Set Cost: 199.8960
Best Fitness Value (LIE): 330.7171
Spread: 640.677
Convergence Curve: [308.12911529091144, 313.9573645220131, 320.5566166946297, 321.5847945327314, 322.0556719082509, 322.2123171542006, 323.5092225275538, 326.2968251242015, 326.2968251242015, 326.2968251242015, 326.52071922347585, 326.52071922347585, 326.52071922347585, 326.52071922347585, 326.8034804931033, 327.2150641081356, 327.2150641081356, 327.2150641081356, 327.2150641081356, 327.2150641081356, 327.2150641081356, 327.2150641081356, 327.9990989920737, 327.9990989920737, 327.9990989920737, 327.9990989920737, 328.8669938171806, 328.8669938171806, 328.8669938171806, 329.25891077481054, 329.25891077481054, 329.25891077481054, 329.25891077481054, 329.25891077481054, 329.25891077481054, 329.25891077481054, 329.25891077481054, 329.2944638944746, 329.2944638944746, 329.2944638944746, 329.2944638944746, 329.2944638944746, 329.2944638944746, 329.2944638944746, 329.2944638944746, 329.2944638944746, 329.2944638944746, 329.2944638944746, 329.2944638944746, 329.2944638944746, 329.2944638944746, 329.2944638944746, 329.2944638944746, 329.2944638944746, 329.2944638944746, 329.2944638944746, 329.2944638944746, 329.2944638944746, 329.2944638944746, 329.2944638944746, 329.2944638944746, 329.2944638944746, 329.2944638944746, 329.2944638944746, 330.717070271466, 330.717070271466, 330.717070271466, 330.717070271466, 330.717070271466, 330.717070271466, 330.717070271466, 330.717070271466, 330.717070271466, 330.717070271466, 330.717070271466, 330.717070271466, 330.717070271466, 330.717070271466, 330.717070271466, 330.717070271466, 330.717070271466, 330.717070271466, 330.717070271466, 330.717070271466, 330.717070271466, 330.717070271466, 330.717070271466, 330.717070271466, 330.717070271466, 330.717070271466, 330.717070271466, 330.717070271466, 330.717070271466, 330.717070271466, 330.717070271466, 330.717070271466, 330.717070271466, 330.717070271466, 330.717070271466, 330.717070271466]
Execution Time: 636.5413 seconds

Run 5:
Best Seed Set: [399, 8, 635, 88, 199, 13, 57, 606, 856, 545, 59, 205, 807, 396, 803, 660, 557, 386, 769, 50, 166, 223, 25, 410, 404, 109, 51, 193, 839, 148, 675, 370, 406, 306, 668, 434, 665, 413]
Best Seed Set Cost: 199.4736
Best Fitness Value (LIE): 327.6427
Spread: 643.241
Convergence Curve: [310.0898475568218, 312.45575239333385, 313.54181449367024, 318.0883320398628, 318.773573206774, 318.773573206774, 318.773573206774, 320.15425367754517, 320.89883219964196, 320.89883219964196, 320.89883219964196, 320.89883219964196, 320.89883219964196, 320.89883219964196, 320.89883219964196, 320.89883219964196, 320.89883219964196, 320.89883219964196, 320.89883219964196, 320.93356512789546, 320.93356512789546, 320.93356512789546, 320.93356512789546, 320.93356512789546, 320.93356512789546, 320.93356512789546, 321.5913657155108, 321.5913657155108, 321.5913657155108, 321.5913657155108, 321.5913657155108, 321.5913657155108, 321.5913657155108, 321.5913657155108, 321.5913657155108, 321.5913657155108, 321.5913657155108, 321.5913657155108, 321.5913657155108, 321.5913657155108, 321.5913657155108, 321.5913657155108, 321.5913657155108, 321.5913657155108, 321.5913657155108, 321.5913657155108, 321.5913657155108, 321.5913657155108, 321.5913657155108, 321.5913657155108, 321.5913657155108, 321.6238570243631, 321.6238570243631, 321.6238570243631, 321.6238570243631, 321.6238570243631, 322.93508611147143, 324.8272138897413, 326.39235965124135, 327.642708546923, 327.642708546923, 327.642708546923, 327.642708546923, 327.642708546923, 327.642708546923, 327.642708546923, 327.642708546923, 327.642708546923, 327.642708546923, 327.642708546923, 327.642708546923, 327.642708546923, 327.642708546923, 327.642708546923, 327.642708546923, 327.642708546923, 327.642708546923, 327.642708546923, 327.642708546923, 327.642708546923, 327.642708546923, 327.642708546923, 327.642708546923, 327.642708546923, 327.642708546923, 327.642708546923, 327.642708546923, 327.642708546923, 327.642708546923, 327.642708546923, 327.642708546923, 327.642708546923, 327.642708546923, 327.642708546923, 327.642708546923, 327.642708546923, 327.642708546923, 327.642708546923, 327.642708546923, 327.642708546923]
Execution Time: 673.3683 seconds

Run 6:
Best Seed Set: [170, 536, 8, 22, 482, 13, 212, 356, 545, 59, 738, 396, 803, 557, 691, 819, 692, 50, 25, 404, 853, 51, 751, 266, 104, 20, 785, 130, 458, 281, 560, 784, 306, 509, 829, 723, 804, 786, 5]
Best Seed Set Cost: 199.1393
Best Fitness Value (LIE): 328.9520
Spread: 636.067
Convergence Curve: [306.69306174518715, 308.35873193708375, 308.35873193708375, 315.8235621855388, 317.81823898045167, 318.1260857713053, 318.1260857713053, 318.1260857713053, 318.1260857713053, 318.1260857713053, 318.1260857713053, 318.1260857713053, 318.1260857713053, 321.35034508790886, 321.35034508790886, 321.35034508790886, 321.35034508790886, 321.35034508790886, 321.35034508790886, 321.35034508790886, 321.35034508790886, 321.35034508790886, 321.35034508790886, 323.61240028188314, 323.61240028188314, 325.286249371765, 325.286249371765, 325.286249371765, 325.286249371765, 325.286249371765, 325.286249371765, 325.286249371765, 325.286249371765, 325.286249371765, 325.286249371765, 325.40056578268553, 325.40056578268553, 325.40056578268553, 325.40056578268553, 325.40056578268553, 325.40056578268553, 325.40056578268553, 325.40056578268553, 325.40056578268553, 325.40056578268553, 325.40056578268553, 325.40056578268553, 325.40056578268553, 326.392159419046, 326.392159419046, 326.392159419046, 326.392159419046, 326.392159419046, 326.392159419046, 326.392159419046, 326.392159419046, 326.392159419046, 326.392159419046, 326.6783288784583, 326.6783288784583, 326.70671174191193, 327.7550430658572, 327.7550430658572, 327.8381698453716, 327.8381698453716, 328.178004251332, 328.178004251332, 328.178004251332, 328.178004251332, 328.178004251332, 328.178004251332, 328.178004251332, 328.178004251332, 328.9519793950074, 328.9519793950074, 328.9519793950074, 328.9519793950074, 328.9519793950074, 328.9519793950074, 328.9519793950074, 328.9519793950074, 328.9519793950074, 328.9519793950074, 328.9519793950074, 328.9519793950074, 328.9519793950074, 328.9519793950074, 328.9519793950074, 328.9519793950074, 328.9519793950074, 328.9519793950074, 328.9519793950074, 328.9519793950074, 328.9519793950074, 328.9519793950074, 328.9519793950074, 328.9519793950074, 328.9519793950074, 328.9519793950074, 328.9519793950074]
Execution Time: 643.8899 seconds

Run 7:
Best Seed Set: [170, 550, 8, 380, 482, 13, 562, 690, 513, 98, 803, 121, 386, 819, 50, 25, 404, 853, 257, 839, 104, 710, 148, 216, 370, 281, 351, 784, 702, 455, 372, 829, 503, 413, 368, 462, 771]
Best Seed Set Cost: 199.7726
Best Fitness Value (LIE): 334.0404
Spread: 639.109
Convergence Curve: [310.08417294006824, 310.08417294006824, 310.08417294006824, 310.08417294006824, 310.08417294006824, 312.1000704426774, 315.06293659855663, 318.7823233420155, 321.22403225239464, 321.22403225239464, 321.22403225239464, 321.22403225239464, 321.22403225239464, 321.22403225239464, 321.22403225239464, 321.22403225239464, 321.7185357042785, 321.7185357042785, 321.7185357042785, 321.7185357042785, 324.2428664534469, 324.2428664534469, 324.2428664534469, 324.2428664534469, 324.2428664534469, 324.2428664534469, 326.5943694432208, 326.5943694432208, 326.5943694432208, 326.5943694432208, 326.5943694432208, 326.5943694432208, 326.5943694432208, 326.5943694432208, 326.5943694432208, 326.5943694432208, 326.5943694432208, 326.5943694432208, 326.5943694432208, 326.5943694432208, 326.5943694432208, 326.5943694432208, 326.5943694432208, 326.5943694432208, 326.5943694432208, 326.5943694432208, 326.84740898611045, 326.84740898611045, 326.9872619196994, 329.25871636430696, 332.035722766438, 332.035722766438, 332.035722766438, 332.035722766438, 332.035722766438, 332.035722766438, 332.3955054920015, 332.3955054920015, 332.3955054920015, 332.3955054920015, 332.3955054920015, 332.3955054920015, 332.3955054920015, 332.3955054920015, 332.3955054920015, 332.3955054920015, 332.3955054920015, 332.3955054920015, 334.04043744973745, 334.04043744973745, 334.04043744973745, 334.04043744973745, 334.04043744973745, 334.04043744973745, 334.04043744973745, 334.04043744973745, 334.04043744973745, 334.04043744973745, 334.04043744973745, 334.04043744973745, 334.04043744973745, 334.04043744973745, 334.04043744973745, 334.04043744973745, 334.04043744973745, 334.04043744973745, 334.04043744973745, 334.04043744973745, 334.04043744973745, 334.04043744973745, 334.04043744973745, 334.04043744973745, 334.04043744973745, 334.04043744973745, 334.04043744973745, 334.04043744973745, 334.04043744973745, 334.04043744973745, 334.04043744973745, 334.04043744973745]
Execution Time: 627.2004 seconds

Run 8:
Best Seed Set: [170, 230, 8, 380, 452, 123, 606, 212, 356, 504, 807, 47, 548, 738, 113, 660, 646, 386, 819, 692, 50, 25, 317, 9, 853, 193, 710, 14, 499, 306, 845, 668, 108, 389, 665, 503, 413, 786, 820]
Best Seed Set Cost: 199.6453
Best Fitness Value (LIE): 327.4553
Spread: 637.194
Convergence Curve: [304.00274790002635, 308.30526572655754, 317.54837786422064, 317.54837786422064, 317.54837786422064, 317.54837786422064, 317.54837786422064, 317.54837786422064, 317.54837786422064, 317.54837786422064, 317.54837786422064, 318.67251236770153, 318.67251236770153, 318.9181386747047, 320.1797477032719, 321.08919778074346, 321.08919778074346, 321.08919778074346, 321.08919778074346, 323.0870649230487, 323.0870649230487, 323.0870649230487, 323.0870649230487, 323.0870649230487, 323.0870649230487, 323.0870649230487, 323.0870649230487, 323.0870649230487, 323.0870649230487, 323.0870649230487, 323.0870649230487, 323.0870649230487, 323.43157463356954, 323.43157463356954, 323.43157463356954, 323.43157463356954, 323.43157463356954, 323.43157463356954, 323.43157463356954, 323.43157463356954, 323.43157463356954, 323.43157463356954, 323.43157463356954, 323.43157463356954, 323.43157463356954, 323.43157463356954, 323.43157463356954, 323.43157463356954, 323.43157463356954, 323.43157463356954, 323.43157463356954, 323.43157463356954, 323.43157463356954, 323.43157463356954, 323.43157463356954, 323.43157463356954, 323.43157463356954, 323.43157463356954, 323.88377328923394, 323.88377328923394, 323.88377328923394, 323.88377328923394, 323.88377328923394, 323.88377328923394, 324.06567294781354, 324.06567294781354, 324.06567294781354, 325.55893303135156, 325.55893303135156, 325.55893303135156, 325.55893303135156, 325.55893303135156, 325.55893303135156, 325.55893303135156, 325.55893303135156, 325.55893303135156, 325.55893303135156, 325.55893303135156, 325.55893303135156, 325.55893303135156, 326.8911844062977, 326.8911844062977, 326.8911844062977, 326.8911844062977, 326.8911844062977, 326.8911844062977, 326.8911844062977, 326.8911844062977, 326.8911844062977, 326.8911844062977, 326.8911844062977, 326.8911844062977, 326.8911844062977, 327.45527660580774, 327.45527660580774, 327.45527660580774, 327.45527660580774, 327.45527660580774, 327.45527660580774, 327.45527660580774]
Execution Time: 622.4980 seconds

Run 9:
Best Seed Set: [550, 230, 8, 416, 88, 57, 606, 538, 856, 98, 545, 239, 47, 738, 113, 803, 260, 819, 692, 25, 687, 317, 9, 763, 51, 193, 104, 710, 20, 364, 2, 216, 130, 466, 434, 481, 820]
Best Seed Set Cost: 199.1122
Best Fitness Value (LIE): 321.2075
Spread: 638.126
Convergence Curve: [302.77552026371495, 302.77552026371495, 302.77552026371495, 303.13311891924644, 303.6803665573293, 306.80585370930373, 308.0423534628789, 312.0073651827737, 315.781758306117, 315.781758306117, 316.0861347862649, 316.0861347862649, 316.0861347862649, 316.3242985059606, 317.19071790425824, 317.19071790425824, 317.19071790425824, 317.2118975529982, 319.9167052336267, 319.9167052336267, 319.9167052336267, 319.9167052336267, 319.9167052336267, 319.9167052336267, 319.9167052336267, 319.9167052336267, 319.9167052336267, 319.9167052336267, 319.9167052336267, 319.9167052336267, 319.9167052336267, 319.9167052336267, 319.9167052336267, 319.9167052336267, 319.9167052336267, 321.20749301432187, 321.20749301432187, 321.20749301432187, 321.20749301432187, 321.20749301432187, 321.20749301432187, 321.20749301432187, 321.20749301432187, 321.20749301432187, 321.20749301432187, 321.20749301432187, 321.20749301432187, 321.20749301432187, 321.20749301432187, 321.20749301432187, 321.20749301432187, 321.20749301432187, 321.20749301432187, 321.20749301432187, 321.20749301432187, 321.20749301432187, 321.20749301432187, 321.20749301432187, 321.20749301432187, 321.20749301432187, 321.20749301432187, 321.20749301432187, 321.20749301432187, 321.20749301432187, 321.20749301432187, 321.20749301432187, 321.20749301432187, 321.20749301432187, 321.20749301432187, 321.20749301432187, 321.20749301432187, 321.20749301432187, 321.20749301432187, 321.20749301432187, 321.20749301432187, 321.20749301432187, 321.20749301432187, 321.20749301432187, 321.20749301432187, 321.20749301432187, 321.20749301432187, 321.20749301432187, 321.20749301432187, 321.20749301432187, 321.20749301432187, 321.20749301432187, 321.20749301432187, 321.20749301432187, 321.20749301432187, 321.20749301432187, 321.20749301432187, 321.20749301432187, 321.20749301432187, 321.20749301432187, 321.20749301432187, 321.20749301432187, 321.20749301432187, 321.20749301432187, 321.20749301432187, 321.20749301432187]
Execution Time: 493.3643 seconds

Run 10:
Best Seed Set: [170, 230, 8, 697, 380, 452, 88, 562, 57, 606, 433, 538, 856, 356, 59, 738, 803, 547, 819, 769, 132, 692, 50, 166, 25, 404, 257, 839, 710, 364, 281, 499, 67, 462]
Best Seed Set Cost: 199.9507
Best Fitness Value (LIE): 339.2034
Spread: 644.591
Convergence Curve: [298.42786117113366, 307.82116520482685, 307.82116520482685, 309.4876820672126, 311.58473106694004, 313.68800242938954, 314.8810270751248, 315.2822022467286, 319.26689284957513, 319.26689284957513, 319.26689284957513, 319.26689284957513, 320.3259549328623, 320.3259549328623, 320.3259549328623, 320.3259549328623, 320.3259549328623, 320.3259549328623, 320.3259549328623, 320.3259549328623, 320.3259549328623, 320.3259549328623, 320.3259549328623, 320.3259549328623, 320.3259549328623, 320.3259549328623, 321.41897379997425, 321.41897379997425, 321.41897379997425, 321.41897379997425, 322.0159795800734, 322.3603571045364, 322.3603571045364, 322.9614013375506, 326.46744621803253, 326.46744621803253, 328.278981400311, 328.278981400311, 328.278981400311, 328.278981400311, 328.278981400311, 328.278981400311, 328.278981400311, 328.278981400311, 328.278981400311, 328.278981400311, 328.278981400311, 328.278981400311, 328.278981400311, 328.3481960045575, 332.0699834265892, 332.1091680447457, 332.1091680447457, 332.1091680447457, 332.1091680447457, 332.1091680447457, 333.02143679582474, 333.02143679582474, 336.0550123683646, 339.20342260311526, 339.20342260311526, 339.20342260311526, 339.20342260311526, 339.20342260311526, 339.20342260311526, 339.20342260311526, 339.20342260311526, 339.20342260311526, 339.20342260311526, 339.20342260311526, 339.20342260311526, 339.20342260311526, 339.20342260311526, 339.20342260311526, 339.20342260311526, 339.20342260311526, 339.20342260311526, 339.20342260311526, 339.20342260311526, 339.20342260311526, 339.20342260311526, 339.20342260311526, 339.20342260311526, 339.20342260311526, 339.20342260311526, 339.20342260311526, 339.20342260311526, 339.20342260311526, 339.20342260311526, 339.20342260311526, 339.20342260311526, 339.20342260311526, 339.20342260311526, 339.20342260311526, 339.20342260311526, 339.20342260311526, 339.20342260311526, 339.20342260311526, 339.20342260311526, 339.20342260311526]
Execution Time: 446.7040 seconds

